13975 	 14008 	 33
13976 	 14203 	 227
14203 	 14336 	 133
14336 	 14667 	 331
14667 	 14916 	 249
13976 	 13976 	 0
13976 	 14181 	 205
13976 	 14005 	 29
14005 	 14006 	 1
14006 	 14006 	 0
14006 	 14006 	 0
14006 	 14007 	 1
14007 	 14007 	 0
14007 	 14008 	 1
14008 	 14011 	 3
14011 	 14011 	 0
14011 	 14012 	 1
14012 	 14012 	 0
14012 	 14018 	 6
14018 	 14022 	 4
14022 	 14025 	 3
14025 	 14026 	 1
14026 	 14027 	 1
14027 	 14027 	 0
14027 	 14028 	 1
14028 	 14028 	 0
14028 	 14029 	 1
14029 	 14030 	 1
14030 	 14033 	 3
14033 	 14048 	 15
14048 	 14066 	 18
14066 	 14089 	 23
14089 	 14097 	 8
14097 	 14107 	 10
13974 	 14027 	 53
13974 	 13992 	 18
13975 	 13975 	 0
13975 	 13988 	 13
13975 	 14385 	 410
13975 	 14181 	 206
14181 	 14209 	 28
13975 	 14021 	 46
14021 	 14577 	 556
13975 	 14069 	 94
14069 	 14090 	 21
13975 	 14398 	 423
14398 	 14495 	 97
14495 	 14503 	 8
14503 	 14687 	 184
13972 	 14183 	 211
14183 	 14379 	 196
13973 	 14239 	 266
13973 	 14026 	 53
14026 	 14161 	 135
13973 	 14188 	 215
13973 	 14168 	 195
13973 	 13974 	 1
13973 	 13996 	 23
13973 	 14101 	 128
13974 	 14108 	 134
13974 	 14167 	 193
14167 	 14255 	 88
13971 	 14004 	 33
13971 	 13981 	 10
13981 	 13984 	 3
13972 	 14027 	 55
14027 	 14075 	 48
14075 	 14608 	 533
13972 	 14375 	 403
14375 	 14451 	 76
14451 	 14580 	 129
14580 	 14654 	 74
14654 	 14658 	 4
13970 	 14270 	 300
14270 	 14271 	 1
14271 	 14523 	 252
13971 	 14778 	 807
14778 	 14853 	 75
13970 	 13996 	 26
13996 	 14011 	 15
14011 	 14756 	 745
14756 	 14848 	 92
13969 	 14349 	 380
14349 	 14406 	 57
13969 	 14027 	 58
13969 	 13972 	 3
13970 	 13984 	 14
13984 	 13984 	 0
13970 	 13985 	 15
13970 	 13971 	 1
13968 	 13985 	 17
13985 	 13987 	 2
13968 	 13971 	 3
13968 	 13990 	 22
13968 	 13984 	 16
13969 	 13997 	 28
13969 	 14496 	 527
14496 	 14531 	 35
14531 	 14578 	 47
14578 	 14627 	 49
14627 	 14682 	 55
13969 	 13969 	 0
13966 	 13974 	 8
13974 	 13987 	 13
13965 	 14141 	 176
14141 	 14193 	 52
13965 	 13977 	 12
13977 	 13979 	 2
13965 	 14543 	 578
13967 	 14181 	 214
13967 	 14868 	 901
13967 	 14278 	 311
13966 	 14146 	 180
13965 	 14008 	 43
14008 	 14033 	 25
14033 	 14034 	 1
13965 	 14015 	 50
14015 	 14020 	 5
14020 	 14030 	 10
14030 	 14030 	 0
14030 	 14032 	 2
13965 	 13969 	 4
13965 	 13971 	 6
13971 	 13975 	 4
13975 	 13985 	 10
13985 	 13989 	 4
13965 	 13985 	 20
13985 	 14038 	 53
14038 	 14080 	 42
14080 	 14140 	 60
14140 	 14150 	 10
13965 	 14036 	 71
13965 	 13982 	 17
13982 	 14008 	 26
14008 	 14137 	 129
13964 	 13965 	 1
13965 	 13971 	 6
13971 	 13978 	 7
13978 	 13980 	 2
13980 	 13982 	 2
13963 	 14062 	 99
14062 	 14186 	 124
13963 	 13967 	 4
13967 	 13976 	 9
13976 	 14071 	 95
14071 	 14486 	 415
13964 	 14163 	 199
14163 	 14261 	 98
13964 	 13964 	 0
13964 	 13965 	 1
13963 	 14011 	 48
13963 	 13992 	 29
13963 	 13963 	 0
13963 	 14467 	 504
14467 	 14749 	 282
14749 	 14771 	 22
14771 	 14826 	 55
13963 	 14654 	 691
13962 	 13962 	 0
13962 	 14264 	 302
13963 	 14476 	 513
14476 	 14789 	 313
13962 	 14308 	 346
13961 	 14818 	 857
13960 	 14769 	 809
13959 	 13977 	 18
13977 	 13978 	 1
13978 	 14005 	 27
13959 	 13963 	 4
13963 	 13965 	 2
13965 	 13978 	 13
13978 	 13990 	 12
13990 	 14012 	 22
14012 	 14022 	 10
13957 	 14026 	 69
14026 	 14046 	 20
14046 	 14169 	 123
13957 	 14340 	 383
13957 	 14013 	 56
14013 	 14021 	 8
14021 	 14027 	 6
14027 	 14033 	 6
14033 	 14056 	 23
13957 	 14019 	 62
14019 	 14022 	 3
14022 	 14094 	 72
13957 	 14778 	 821
13957 	 14002 	 45
14002 	 14270 	 268
13956 	 14092 	 136
13957 	 14024 	 67
14024 	 14061 	 37
13957 	 13962 	 5
13956 	 13956 	 0
13956 	 13968 	 12
13956 	 14007 	 51
14007 	 14008 	 1
14008 	 14009 	 1
14009 	 14009 	 0
14009 	 14011 	 2
14011 	 14011 	 0
14011 	 14012 	 1
14012 	 14012 	 0
14012 	 14013 	 1
14013 	 14015 	 2
14015 	 14018 	 3
14018 	 14019 	 1
14019 	 14020 	 1
14020 	 14022 	 2
14022 	 14023 	 1
14023 	 14023 	 0
14023 	 14023 	 0
14023 	 14026 	 3
14026 	 14027 	 1
14027 	 14028 	 1
14028 	 14029 	 1
14029 	 14030 	 1
14030 	 14030 	 0
14030 	 14032 	 2
14032 	 14035 	 3
14035 	 14041 	 6
14041 	 14060 	 19
13956 	 14010 	 54
14010 	 14112 	 102
14112 	 14460 	 348
13956 	 14001 	 45
13955 	 14167 	 212
14167 	 14391 	 224
14391 	 14619 	 228
14619 	 14709 	 90
13955 	 13955 	 0
13955 	 14159 	 204
14159 	 14216 	 57
14216 	 14257 	 41
14257 	 14334 	 77
14334 	 14437 	 103
14437 	 14466 	 29
14466 	 14487 	 21
14487 	 14512 	 25
13955 	 14777 	 822
13955 	 13977 	 22
13977 	 14439 	 462
13955 	 14107 	 152
13955 	 14047 	 92
14047 	 14054 	 7
13955 	 13968 	 13
13955 	 14062 	 107
13954 	 14014 	 60
13954 	 14004 	 50
13954 	 13987 	 33
13987 	 13996 	 9
13996 	 13996 	 0
13996 	 14007 	 11
14007 	 14011 	 4
13954 	 13970 	 16
13954 	 13957 	 3
13957 	 13971 	 14
13954 	 14032 	 78
13954 	 14160 	 206
14160 	 14191 	 31
13954 	 14207 	 253
14207 	 14373 	 166
14373 	 14411 	 38
14411 	 14808 	 397
13954 	 13968 	 14
13968 	 13993 	 25
13953 	 14150 	 197
14150 	 14217 	 67
14217 	 14332 	 115
14332 	 14335 	 3
14335 	 14379 	 44
14379 	 14789 	 410
13953 	 14287 	 334
14287 	 14420 	 133
13953 	 13971 	 18
13971 	 14035 	 64
13953 	 14496 	 543
14496 	 14578 	 82
14578 	 14621 	 43
14621 	 14736 	 115
14736 	 14759 	 23
14759 	 14886 	 127
13953 	 13984 	 31
13953 	 13953 	 0
13953 	 13953 	 0
13953 	 13953 	 0
13953 	 13969 	 16
13952 	 13974 	 22
13952 	 14359 	 407
13948 	 13982 	 34
13949 	 14402 	 453
13948 	 14278 	 330
14278 	 14533 	 255
13948 	 14049 	 101
14049 	 14268 	 219
13949 	 14125 	 176
13950 	 14144 	 194
13951 	 14003 	 52
13951 	 14033 	 82
14033 	 14161 	 128
13944 	 14666 	 722
13944 	 13991 	 47
13944 	 13947 	 3
13945 	 13968 	 23
13968 	 14008 	 40
13946 	 13946 	 0
13946 	 13946 	 0
13947 	 14055 	 108
14055 	 14285 	 230
13947 	 14044 	 97
14044 	 14083 	 39
14083 	 14086 	 3
14086 	 14091 	 5
14091 	 14091 	 0
14091 	 14143 	 52
14143 	 14179 	 36
14179 	 14234 	 55
14234 	 14238 	 4
14238 	 14463 	 225
13947 	 14020 	 73
13948 	 13948 	 0
13948 	 13982 	 34
13948 	 14212 	 264
14212 	 14565 	 353
13948 	 13948 	 0
13941 	 13982 	 41
13982 	 14008 	 26
14008 	 14030 	 22
14030 	 14033 	 3
13941 	 13951 	 10
13941 	 13972 	 31
13942 	 14580 	 638
13942 	 14960 	 1018
14960 	 14963 	 3
13942 	 13943 	 1
13943 	 13950 	 7
13944 	 14098 	 154
14098 	 14766 	 668
13944 	 13944 	 0
13944 	 14235 	 291
13943 	 13971 	 28
13943 	 13943 	 0
13937 	 13937 	 0
13937 	 13937 	 0
13937 	 14721 	 784
13936 	 13966 	 30
13966 	 14032 	 66
13936 	 13977 	 41
13977 	 13978 	 1
13937 	 14361 	 424
13940 	 13940 	 0
13939 	 14188 	 249
13940 	 14029 	 89
13940 	 14022 	 82
13941 	 14016 	 75
14016 	 14033 	 17
14033 	 14035 	 2
14035 	 14036 	 1
14036 	 14038 	 2
14038 	 14056 	 18
14056 	 14061 	 5
14061 	 14085 	 24
14085 	 14102 	 17
13940 	 13969 	 29
13969 	 13984 	 15
13933 	 14068 	 135
13933 	 14010 	 77
14010 	 14102 	 92
13934 	 13934 	 0
13934 	 14291 	 357
13934 	 14207 	 273
13934 	 14152 	 218
14152 	 14689 	 537
13933 	 13934 	 1
13933 	 13971 	 38
13932 	 13939 	 7
13936 	 14069 	 133
14069 	 14077 	 8
14077 	 14145 	 68
14145 	 14149 	 4
13936 	 13941 	 5
13934 	 13934 	 0
13934 	 14293 	 359
14293 	 14492 	 199
14492 	 14535 	 43
14535 	 14564 	 29
13929 	 13930 	 1
13930 	 13937 	 7
13928 	 13932 	 4
13929 	 13929 	 0
13929 	 14008 	 79
13929 	 14011 	 82
13931 	 14034 	 103
13931 	 13989 	 58
13989 	 13989 	 0
13932 	 14019 	 87
13930 	 14181 	 251
13930 	 14094 	 164
13925 	 13956 	 31
13924 	 13931 	 7
13924 	 13956 	 32
13956 	 13993 	 37
13993 	 14148 	 155
14148 	 14151 	 3
14151 	 14284 	 133
14284 	 14308 	 24
14308 	 14556 	 248
14556 	 14794 	 238
14794 	 14877 	 83
14877 	 14916 	 39
13928 	 13939 	 11
13928 	 13949 	 21
13928 	 13928 	 0
13928 	 13928 	 0
13927 	 13962 	 35
13921 	 13991 	 70
13921 	 13969 	 48
13920 	 14899 	 979
13923 	 14125 	 202
13924 	 13924 	 0
13923 	 13929 	 6
13929 	 13944 	 15
13944 	 13985 	 41
13985 	 14006 	 21
14006 	 14025 	 19
14025 	 14040 	 15
14040 	 14125 	 85
13923 	 14027 	 104
14027 	 14046 	 19
13922 	 13923 	 1
13923 	 13982 	 59
13923 	 13928 	 5
13922 	 13922 	 0
13922 	 13922 	 0
13922 	 14024 	 102
14024 	 14383 	 359
13922 	 14041 	 119
14041 	 14425 	 384
14024 	 14189 	 165
14189 	 14206 	 17
14206 	 14249 	 43
14249 	 14391 	 142
14391 	 14476 	 85
14476 	 14827 	 351
14827 	 14857 	 30
14024 	 14157 	 133
14023 	 14033 	 10
14033 	 14130 	 97
14130 	 14131 	 1
14131 	 14152 	 21
14152 	 14163 	 11
14163 	 14168 	 5
14168 	 14221 	 53
14221 	 14397 	 176
14397 	 14514 	 117
14514 	 14610 	 96
14022 	 14101 	 79
14021 	 14178 	 157
14023 	 14322 	 299
14322 	 14521 	 199
14521 	 14875 	 354
14023 	 14586 	 563
14586 	 14799 	 213
14023 	 14313 	 290
14022 	 14622 	 600
14027 	 14072 	 45
14026 	 14247 	 221
14026 	 14026 	 0
14027 	 14108 	 81
14108 	 14130 	 22
14130 	 14142 	 12
14142 	 14183 	 41
14183 	 14215 	 32
14215 	 14352 	 137
14352 	 14352 	 0
14352 	 14552 	 200
14027 	 14133 	 106
14027 	 14225 	 198
14025 	 14686 	 661
14686 	 14775 	 89
14025 	 14223 	 198
14018 	 14188 	 170
14019 	 14059 	 40
14059 	 14523 	 464
14019 	 14019 	 0
14018 	 14182 	 164
14182 	 14701 	 519
14701 	 14781 	 80
14018 	 14027 	 9
14027 	 14208 	 181
14208 	 14416 	 208
14019 	 14151 	 132
14019 	 14045 	 26
14045 	 14048 	 3
14048 	 14060 	 12
14019 	 14021 	 2
14017 	 14056 	 39
14017 	 14375 	 358
14017 	 14434 	 417
14017 	 14023 	 6
14017 	 14055 	 38
14055 	 14535 	 480
14017 	 14553 	 536
14017 	 14490 	 473
14490 	 14632 	 142
14632 	 14803 	 171
14018 	 14145 	 127
14020 	 14189 	 169
14189 	 14796 	 607
14020 	 14021 	 1
14021 	 14667 	 646
14021 	 14034 	 13
14034 	 14049 	 15
14049 	 14068 	 19
14021 	 14026 	 5
14021 	 14021 	 0
14021 	 14030 	 9
14021 	 14021 	 0
14020 	 14100 	 80
14100 	 14202 	 102
14202 	 14333 	 131
14333 	 14773 	 440
14773 	 14854 	 81
14020 	 14753 	 733
14012 	 14086 	 74
14012 	 14026 	 14
14012 	 14217 	 205
14012 	 14024 	 12
14012 	 14486 	 474
14012 	 14104 	 92
14012 	 14784 	 772
14012 	 14224 	 212
14011 	 14059 	 48
14059 	 14180 	 121
14180 	 14203 	 23
14203 	 14270 	 67
14270 	 14273 	 3
14273 	 14386 	 113
14386 	 14711 	 325
14711 	 14713 	 2
14011 	 14191 	 180
14011 	 14028 	 17
14011 	 14061 	 50
14016 	 14024 	 8
14016 	 14039 	 23
14015 	 14030 	 15
14030 	 14037 	 7
14037 	 14046 	 9
14046 	 14047 	 1
14014 	 14040 	 26
14040 	 14049 	 9
14014 	 14014 	 0
14013 	 14104 	 91
14104 	 14385 	 281
14014 	 14014 	 0
14014 	 14014 	 0
14013 	 14056 	 43
14056 	 14264 	 208
14013 	 14013 	 0
14013 	 14055 	 42
14007 	 14012 	 5
14012 	 14014 	 2
14014 	 14027 	 13
14027 	 14104 	 77
14104 	 14112 	 8
14112 	 14164 	 52
14164 	 14179 	 15
14179 	 14936 	 757
14007 	 14020 	 13
14020 	 14033 	 13
14007 	 14011 	 4
14011 	 14077 	 66
14077 	 14082 	 5
14007 	 14026 	 19
14026 	 14037 	 11
14007 	 14075 	 68
14075 	 14078 	 3
14078 	 14486 	 408
14486 	 14635 	 149
14635 	 14650 	 15
14650 	 14675 	 25
14006 	 14008 	 2
14008 	 14013 	 5
14013 	 14021 	 8
14006 	 14018 	 12
14018 	 14018 	 0
14018 	 14033 	 15
14033 	 14088 	 55
14088 	 14111 	 23
14111 	 14116 	 5
14116 	 14180 	 64
14006 	 14117 	 111
14006 	 14021 	 15
14006 	 14107 	 101
14006 	 14238 	 232
14006 	 14080 	 74
14080 	 14355 	 275
14006 	 14126 	 120
14126 	 14133 	 7
14133 	 14133 	 0
14133 	 14185 	 52
14185 	 14216 	 31
14006 	 14011 	 5
14005 	 14037 	 32
14037 	 14039 	 2
14039 	 14076 	 37
14076 	 14095 	 19
14005 	 14246 	 241
14005 	 14024 	 19
14005 	 14013 	 8
14010 	 14225 	 215
14010 	 14160 	 150
14160 	 14548 	 388
14548 	 14783 	 235
14010 	 14054 	 44
14010 	 14202 	 192
14202 	 14623 	 421
14623 	 14668 	 45
14668 	 14669 	 1
14669 	 14685 	 16
14009 	 14309 	 300
14309 	 14543 	 234
14543 	 14630 	 87
14009 	 14009 	 0
14009 	 14013 	 4
14013 	 14015 	 2
14015 	 14027 	 12
14027 	 14027 	 0
14027 	 14048 	 21
14009 	 14131 	 122
14010 	 14493 	 483
14008 	 14187 	 179
14187 	 14448 	 261
14008 	 14016 	 8
14016 	 14192 	 176
14008 	 14008 	 0
14007 	 14011 	 4
14011 	 14091 	 80
14007 	 14039 	 32
14008 	 14013 	 5
14013 	 14047 	 34
14047 	 14047 	 0
14047 	 14049 	 2
14049 	 14055 	 6
14055 	 14103 	 48
13998 	 14010 	 12
13998 	 14012 	 14
13997 	 14230 	 233
13999 	 14026 	 27
14026 	 14050 	 24
13998 	 14046 	 48
14046 	 14264 	 218
13998 	 14003 	 5
14003 	 14022 	 19
13999 	 14292 	 293
14292 	 14785 	 493
13999 	 14207 	 208
13999 	 14158 	 159
14000 	 14033 	 33
14002 	 14038 	 36
14002 	 14008 	 6
14008 	 14035 	 27
14035 	 14046 	 11
14046 	 14051 	 5
14051 	 14058 	 7
14058 	 14089 	 31
14089 	 14089 	 0
14001 	 14039 	 38
14001 	 14465 	 464
14465 	 14467 	 2
14003 	 14004 	 1
14002 	 14174 	 172
14004 	 14075 	 71
14004 	 14223 	 219
14223 	 14286 	 63
14286 	 14331 	 45
14331 	 14390 	 59
14390 	 14568 	 178
14568 	 14574 	 6
14574 	 14613 	 39
14613 	 14769 	 156
14769 	 14812 	 43
14004 	 14159 	 155
14004 	 14387 	 383
14005 	 14020 	 15
14020 	 14190 	 170
14190 	 14366 	 176
14366 	 14371 	 5
14371 	 14432 	 61
14432 	 14545 	 113
14545 	 14801 	 256
14801 	 14810 	 9
14005 	 14030 	 25
14005 	 14005 	 0
14005 	 14005 	 0
14004 	 14007 	 3
14007 	 14007 	 0
13990 	 14005 	 15
13990 	 14000 	 10
14000 	 14075 	 75
14075 	 14079 	 4
13990 	 14003 	 13
14003 	 14006 	 3
14006 	 14007 	 1
14007 	 14007 	 0
14007 	 14009 	 2
14009 	 14009 	 0
14009 	 14013 	 4
13990 	 14077 	 87
14077 	 14552 	 475
14552 	 14938 	 386
13990 	 13990 	 0
13990 	 14012 	 22
13991 	 14683 	 692
13991 	 13991 	 0
13991 	 14139 	 148
14139 	 14189 	 50
14189 	 14294 	 105
14294 	 14424 	 130
14424 	 14477 	 53
13991 	 14108 	 117
13991 	 14912 	 921
13992 	 14032 	 40
14032 	 14046 	 14
14046 	 14089 	 43
13992 	 14020 	 28
13993 	 14394 	 401
13993 	 14199 	 206
13994 	 14091 	 97
13993 	 14033 	 40
13997 	 14023 	 26
13996 	 14280 	 284
13997 	 14006 	 9
14006 	 14007 	 1
13997 	 14377 	 380
13985 	 13987 	 2
13987 	 13989 	 2
13985 	 14030 	 45
13985 	 14144 	 159
14144 	 14150 	 6
13984 	 13991 	 7
13984 	 14032 	 48
14032 	 14174 	 142
14174 	 14200 	 26
13986 	 14011 	 25
13986 	 14150 	 164
14150 	 14323 	 173
14323 	 14434 	 111
13986 	 13986 	 0
13986 	 14082 	 96
13985 	 13989 	 4
13985 	 14004 	 19
14004 	 14011 	 7
14011 	 14033 	 22
13985 	 14618 	 633
14618 	 14651 	 33
13989 	 14090 	 101
14090 	 14629 	 539
13989 	 14531 	 542
14531 	 14578 	 47
13989 	 14020 	 31
13988 	 14752 	 764
13988 	 14007 	 19
14007 	 14293 	 286
14293 	 14343 	 50
14343 	 14480 	 137
13988 	 13990 	 2
13988 	 14186 	 198
14186 	 14209 	 23
13987 	 14005 	 18
14005 	 14009 	 4
14009 	 14012 	 3
14012 	 14018 	 6
14018 	 14022 	 4
14022 	 14036 	 14
14036 	 14041 	 5
14041 	 14043 	 2
13987 	 13992 	 5
13992 	 14001 	 9
14001 	 14008 	 7
14008 	 14041 	 33
14041 	 14042 	 1
14042 	 14046 	 4
14046 	 14054 	 8
14054 	 14063 	 9
14063 	 14064 	 1
14064 	 14066 	 2
14066 	 14068 	 2
13990 	 14002 	 12
14002 	 14020 	 18
14020 	 14046 	 26
13990 	 14045 	 55
14045 	 14058 	 13
13989 	 14482 	 493
13977 	 13977 	 0
13977 	 13977 	 0
13978 	 14407 	 429
14407 	 14777 	 370
13978 	 14011 	 33
13978 	 14687 	 709
14687 	 14851 	 164
13977 	 14161 	 184
14161 	 14179 	 18
14179 	 14501 	 322
14501 	 14625 	 124
13979 	 14186 	 207
13979 	 14007 	 28
13979 	 14119 	 140
14119 	 14139 	 20
14139 	 14152 	 13
14152 	 14167 	 15
14167 	 14256 	 89
14256 	 14264 	 8
14264 	 14417 	 153
14417 	 14439 	 22
14439 	 14452 	 13
14452 	 14479 	 27
14479 	 14479 	 0
14479 	 14517 	 38
14517 	 14614 	 97
14614 	 14654 	 40
14654 	 14704 	 50
14704 	 14720 	 16
14720 	 14794 	 74
13979 	 13979 	 0
13980 	 14052 	 72
14052 	 14181 	 129
13980 	 14023 	 43
14023 	 14027 	 4
14027 	 14036 	 9
14036 	 14040 	 4
14040 	 14061 	 21
13980 	 13997 	 17
13997 	 14002 	 5
14002 	 14009 	 7
14009 	 14158 	 149
14158 	 14304 	 146
14304 	 14349 	 45
14349 	 14378 	 29
13979 	 14025 	 46
13979 	 14011 	 32
14011 	 14053 	 42
14053 	 14056 	 3
14056 	 14061 	 5
13982 	 14214 	 232
13981 	 13996 	 15
13996 	 14005 	 9
14005 	 14012 	 7
13980 	 14133 	 153
14133 	 14133 	 0
14133 	 14136 	 3
14136 	 14250 	 114
13981 	 14271 	 290
13981 	 13982 	 1
13984 	 14017 	 33
14017 	 14078 	 61
13984 	 13984 	 0
13982 	 13990 	 8
13983 	 13983 	 0
13983 	 14755 	 772
13983 	 14027 	 44
14027 	 14219 	 192
14219 	 14334 	 115
14334 	 14355 	 21
14355 	 14484 	 129
14484 	 14810 	 326
13902 	 14677 	 775
13903 	 14134 	 231
14134 	 14294 	 160
14294 	 14804 	 510
13902 	 14007 	 105
13902 	 14032 	 130
13900 	 13900 	 0
13901 	 14003 	 102
14003 	 14008 	 5
14008 	 14185 	 177
14185 	 14227 	 42
14227 	 14378 	 151
14378 	 14392 	 14
14392 	 14399 	 7
14399 	 14399 	 0
14399 	 14402 	 3
14402 	 14405 	 3
14405 	 14406 	 1
14406 	 14432 	 26
14432 	 14493 	 61
13901 	 14251 	 350
14251 	 14383 	 132
13908 	 13909 	 1
13909 	 13909 	 0
13909 	 13913 	 4
13913 	 13914 	 1
13908 	 13968 	 60
13907 	 13986 	 79
13986 	 13995 	 9
13907 	 13927 	 20
13907 	 13969 	 62
13907 	 14014 	 107
13907 	 14036 	 129
13907 	 13920 	 13
13906 	 13906 	 0
13906 	 14673 	 767
14673 	 14790 	 117
13906 	 13909 	 3
13906 	 14017 	 111
14017 	 14075 	 58
13906 	 13923 	 17
13923 	 13928 	 5
13906 	 14171 	 265
13913 	 14129 	 216
13913 	 14031 	 118
13912 	 13914 	 2
13914 	 13916 	 2
13912 	 13939 	 27
13911 	 14366 	 455
13910 	 14006 	 96
14006 	 14375 	 369
13909 	 14014 	 105
13909 	 14322 	 413
13909 	 14001 	 92
13908 	 14136 	 228
13919 	 14004 	 85
13919 	 13929 	 10
13919 	 13932 	 13
13917 	 13917 	 0
13916 	 14190 	 274
13918 	 13990 	 72
13916 	 14246 	 330
14246 	 14531 	 285
14531 	 14698 	 167
13916 	 13920 	 4
13915 	 14421 	 506
13915 	 13942 	 27
13913 	 14019 	 106
14019 	 14131 	 112
13885 	 13896 	 11
13885 	 13982 	 97
13885 	 13887 	 2
13885 	 13916 	 31
13916 	 13920 	 4
13885 	 14173 	 288
14173 	 14175 	 2
13885 	 13885 	 0
13886 	 13901 	 15
13901 	 13992 	 91
13887 	 14075 	 188
14075 	 14485 	 410
13886 	 14183 	 297
13886 	 13971 	 85
13883 	 13924 	 41
13883 	 14644 	 761
13883 	 14195 	 312
14195 	 14579 	 384
14579 	 14760 	 181
14760 	 14796 	 36
13882 	 13895 	 13
13895 	 13901 	 6
13881 	 14038 	 157
13881 	 13971 	 90
13883 	 13929 	 46
13929 	 13963 	 34
13883 	 14779 	 896
13884 	 13951 	 67
13884 	 13905 	 21
13884 	 14825 	 941
13889 	 14419 	 530
13889 	 13968 	 79
13968 	 14024 	 56
13890 	 14075 	 185
13891 	 14021 	 130
14021 	 14419 	 398
13891 	 13972 	 81
13892 	 13917 	 25
13917 	 13995 	 78
13995 	 14085 	 90
14085 	 14118 	 33
14118 	 14154 	 36
14154 	 14356 	 202
14356 	 14514 	 158
14514 	 14563 	 49
14563 	 14579 	 16
13887 	 13892 	 5
13887 	 14801 	 914
13888 	 14136 	 248
13888 	 13892 	 4
13892 	 13950 	 58
13950 	 14032 	 82
14032 	 14048 	 16
13888 	 14133 	 245
13894 	 14599 	 705
13894 	 14453 	 559
14453 	 14866 	 413
13895 	 13899 	 4
13895 	 13978 	 83
13895 	 13945 	 50
13895 	 14184 	 289
13892 	 13969 	 77
13892 	 13977 	 85
13894 	 14529 	 635
13894 	 14007 	 113
13894 	 14634 	 740
13894 	 14119 	 225
13893 	 14443 	 550
14443 	 14449 	 6
14449 	 14451 	 2
14451 	 14451 	 0
14451 	 14451 	 0
14451 	 14466 	 15
14466 	 14585 	 119
14585 	 14607 	 22
14607 	 14611 	 4
14611 	 14618 	 7
13899 	 14017 	 118
13898 	 14114 	 216
14114 	 14143 	 29
14143 	 14187 	 44
14187 	 14193 	 6
14193 	 14266 	 73
13899 	 13934 	 35
13899 	 14019 	 120
14019 	 14145 	 126
14145 	 14263 	 118
13900 	 13935 	 35
13935 	 13938 	 3
13938 	 13942 	 4
13942 	 14194 	 252
14194 	 14194 	 0
13900 	 13948 	 48
13948 	 14089 	 141
13900 	 13911 	 11
13900 	 13900 	 0
13897 	 14098 	 201
14098 	 14369 	 271
14369 	 14674 	 305
14674 	 14809 	 135
13896 	 13946 	 50
13897 	 13995 	 98
13995 	 14001 	 6
14001 	 14042 	 41
14042 	 14280 	 238
13896 	 13899 	 3
13899 	 14006 	 107
14006 	 14006 	 0
14006 	 14026 	 20
14026 	 14039 	 13
14039 	 14043 	 4
13898 	 13910 	 12
13898 	 13898 	 0
13898 	 14262 	 364
13881 	 14169 	 288
13881 	 13894 	 13
13894 	 13908 	 14
13880 	 13897 	 17
13879 	 14143 	 264
14143 	 14391 	 248
14391 	 14594 	 203
13879 	 14873 	 994
13879 	 13883 	 4
13879 	 13879 	 0
13879 	 13888 	 9
14182 	 14286 	 104
14286 	 14309 	 23
14181 	 14184 	 3
14181 	 14355 	 174
14355 	 14460 	 105
14181 	 14324 	 143
14182 	 14328 	 146
14182 	 14390 	 208
14390 	 14413 	 23
14182 	 14238 	 56
14238 	 14300 	 62
14179 	 14762 	 583
14179 	 14193 	 14
14179 	 14340 	 161
14181 	 14202 	 21
14180 	 14201 	 21
14180 	 14210 	 30
14180 	 14848 	 668
14175 	 14175 	 0
14175 	 14193 	 18
14175 	 14256 	 81
14256 	 14276 	 20
14175 	 14175 	 0
14174 	 14174 	 0
14177 	 14183 	 6
14177 	 14177 	 0
14177 	 14315 	 138
14173 	 14194 	 21
14194 	 14204 	 10
14172 	 14278 	 106
14278 	 14292 	 14
14292 	 14445 	 153
14445 	 14453 	 8
14172 	 14173 	 1
14174 	 14175 	 1
14174 	 14521 	 347
14174 	 14178 	 4
14174 	 14407 	 233
14173 	 14183 	 10
14173 	 14174 	 1
14174 	 14178 	 4
14178 	 14188 	 10
14188 	 14357 	 169
14194 	 14202 	 8
14202 	 14215 	 13
14194 	 14354 	 160
14354 	 14368 	 14
14368 	 14368 	 0
14196 	 14229 	 33
14229 	 14287 	 58
14287 	 14396 	 109
14196 	 14201 	 5
14201 	 14298 	 97
14197 	 14269 	 72
14191 	 14226 	 35
14192 	 14192 	 0
14192 	 14517 	 325
14192 	 14679 	 487
14193 	 14557 	 364
14557 	 14737 	 180
14737 	 14760 	 23
14193 	 14732 	 539
14193 	 14485 	 292
14193 	 14268 	 75
14194 	 14697 	 503
14697 	 14733 	 36
14194 	 14199 	 5
14199 	 14205 	 6
14188 	 14368 	 180
14368 	 14455 	 87
14189 	 14263 	 74
14263 	 14557 	 294
14189 	 14415 	 226
14415 	 14570 	 155
14189 	 14189 	 0
14189 	 14189 	 0
14189 	 14189 	 0
14190 	 14313 	 123
14190 	 14424 	 234
14424 	 14738 	 314
14738 	 14762 	 24
14190 	 14268 	 78
14190 	 14190 	 0
14190 	 14195 	 5
14185 	 14222 	 37
14184 	 14886 	 702
14186 	 14619 	 433
14619 	 14894 	 275
14156 	 14179 	 23
14156 	 14197 	 41
14155 	 14174 	 19
14174 	 14223 	 49
14223 	 14541 	 318
14155 	 14307 	 152
14153 	 14172 	 19
14153 	 14285 	 132
14153 	 14350 	 197
14153 	 14256 	 103
14153 	 14169 	 16
14169 	 14172 	 3
14172 	 14174 	 2
14174 	 14195 	 21
14195 	 14203 	 8
14203 	 14268 	 65
14268 	 14275 	 7
14152 	 14161 	 9
14152 	 14483 	 331
14152 	 14476 	 324
14152 	 14152 	 0
14152 	 14159 	 7
14159 	 14187 	 28
14187 	 14266 	 79
14266 	 14271 	 5
14152 	 14611 	 459
14151 	 14677 	 526
14152 	 14235 	 83
14151 	 14242 	 91
14151 	 14475 	 324
14150 	 14150 	 0
14150 	 14152 	 2
14150 	 14256 	 106
14256 	 14394 	 138
14150 	 14167 	 17
14149 	 14169 	 20
14149 	 14195 	 46
14149 	 14169 	 20
14148 	 14193 	 45
14193 	 14309 	 116
14147 	 14147 	 0
14147 	 14266 	 119
14146 	 14634 	 488
14146 	 14934 	 788
14146 	 14387 	 241
14146 	 14146 	 0
14146 	 14615 	 469
14145 	 14183 	 38
14183 	 14940 	 757
14940 	 14944 	 4
14145 	 14287 	 142
14145 	 14148 	 3
14148 	 14158 	 10
14158 	 14191 	 33
14191 	 14205 	 14
14205 	 14238 	 33
14238 	 14243 	 5
14243 	 14256 	 13
14256 	 14263 	 7
14171 	 14320 	 149
14171 	 14174 	 3
14172 	 14196 	 24
14169 	 14170 	 1
14169 	 14507 	 338
14169 	 14170 	 1
14170 	 14264 	 94
14264 	 14304 	 40
14170 	 14355 	 185
14170 	 14623 	 453
14168 	 14183 	 15
14183 	 14525 	 342
14168 	 14178 	 10
14168 	 14332 	 164
14168 	 14228 	 60
14228 	 14258 	 30
14168 	 14182 	 14
14168 	 14788 	 620
14169 	 14212 	 43
14169 	 14220 	 51
14220 	 14375 	 155
14375 	 14431 	 56
14167 	 14783 	 616
14167 	 14259 	 92
14259 	 14599 	 340
14167 	 14376 	 209
14376 	 14399 	 23
14399 	 14877 	 478
14168 	 14865 	 697
14168 	 14216 	 48
14166 	 14180 	 14
14180 	 14189 	 9
14165 	 14166 	 1
14166 	 14166 	 0
14166 	 14173 	 7
14166 	 14312 	 146
14162 	 14291 	 129
14291 	 14296 	 5
14296 	 14685 	 389
14163 	 14795 	 632
14162 	 14192 	 30
14164 	 14208 	 44
14163 	 14362 	 199
14160 	 14307 	 147
14160 	 14261 	 101
14261 	 14307 	 46
14159 	 14169 	 10
14158 	 14172 	 14
14160 	 14160 	 0
14237 	 14297 	 60
14237 	 14237 	 0
14237 	 14237 	 0
14237 	 14237 	 0
14237 	 14241 	 4
14242 	 14242 	 0
14242 	 14520 	 278
14520 	 14521 	 1
14521 	 14525 	 4
14525 	 14537 	 12
14241 	 14290 	 49
14240 	 14243 	 3
14240 	 14482 	 242
14240 	 14241 	 1
14241 	 14245 	 4
14245 	 14250 	 5
14250 	 14253 	 3
14253 	 14262 	 9
14262 	 14263 	 1
14239 	 14483 	 244
14246 	 14276 	 30
14243 	 14519 	 276
14249 	 14425 	 176
14249 	 14263 	 14
14263 	 14270 	 7
14247 	 14805 	 558
14248 	 14508 	 260
14508 	 14566 	 58
14229 	 14770 	 541
14770 	 14789 	 19
14229 	 14248 	 19
14229 	 14731 	 502
14731 	 14785 	 54
14228 	 14231 	 3
14228 	 14465 	 237
14465 	 14488 	 23
14230 	 14732 	 502
14233 	 14296 	 63
14296 	 14316 	 20
14232 	 14367 	 135
14233 	 14529 	 296
14231 	 14427 	 196
14235 	 14249 	 14
14234 	 14252 	 18
14235 	 14244 	 9
14257 	 14336 	 79
14259 	 14285 	 26
14259 	 14292 	 33
14292 	 14296 	 4
14259 	 14375 	 116
14375 	 14420 	 45
14261 	 14266 	 5
14266 	 14285 	 19
14285 	 14291 	 6
14260 	 14263 	 3
14263 	 14278 	 15
14278 	 14280 	 2
14280 	 14294 	 14
14294 	 14296 	 2
14296 	 14296 	 0
14260 	 14284 	 24
14259 	 14384 	 125
14262 	 14279 	 17
14262 	 14264 	 2
14262 	 14298 	 36
14298 	 14337 	 39
14262 	 14375 	 113
14375 	 14406 	 31
14406 	 14415 	 9
14415 	 14735 	 320
14262 	 14265 	 3
14262 	 14379 	 117
14263 	 14402 	 139
14264 	 14321 	 57
14321 	 14326 	 5
14264 	 14296 	 32
14264 	 14349 	 85
14349 	 14363 	 14
14363 	 14376 	 13
14376 	 14385 	 9
14385 	 14397 	 12
14397 	 14397 	 0
14397 	 14453 	 56
14263 	 14760 	 497
14250 	 14327 	 77
14249 	 14312 	 63
14249 	 14249 	 0
14250 	 14637 	 387
14250 	 14474 	 224
14251 	 14255 	 4
14251 	 14399 	 148
14252 	 14269 	 17
14253 	 14350 	 97
14253 	 14256 	 3
14256 	 14256 	 0
14253 	 14448 	 195
14253 	 14678 	 425
14255 	 14255 	 0
14255 	 14255 	 0
14255 	 14256 	 1
14255 	 14594 	 339
14255 	 14269 	 14
14256 	 14262 	 6
14256 	 14294 	 38
14294 	 14312 	 18
14312 	 14341 	 29
14257 	 14266 	 9
14257 	 14300 	 43
14257 	 14546 	 289
14257 	 14287 	 30
14208 	 14334 	 126
14334 	 14640 	 306
14640 	 14644 	 4
14207 	 14229 	 22
14229 	 14299 	 70
14299 	 14307 	 8
14207 	 14268 	 61
14206 	 14225 	 19
14225 	 14249 	 24
14207 	 14319 	 112
14206 	 14417 	 211
14213 	 14328 	 115
14328 	 14435 	 107
14213 	 14280 	 67
14212 	 14213 	 1
14213 	 14219 	 6
14212 	 14608 	 396
14212 	 14329 	 117
14211 	 14330 	 119
14210 	 14390 	 180
14390 	 14773 	 383
14210 	 14263 	 53
14209 	 14926 	 717
14201 	 14264 	 63
14202 	 14412 	 210
14202 	 14236 	 34
14236 	 14388 	 152
14202 	 14953 	 751
14200 	 14493 	 293
14493 	 14731 	 238
14200 	 14200 	 0
14201 	 14746 	 545
14199 	 14243 	 44
14243 	 14249 	 6
14249 	 14278 	 29
14278 	 14375 	 97
14199 	 14469 	 270
14469 	 14476 	 7
14476 	 14505 	 29
14505 	 14554 	 49
14199 	 14375 	 176
14375 	 14512 	 137
14200 	 14201 	 1
14199 	 14375 	 176
14206 	 14300 	 94
14300 	 14615 	 315
14206 	 14301 	 95
14206 	 14381 	 175
14205 	 14205 	 0
14205 	 14216 	 11
14216 	 14311 	 95
14203 	 14229 	 26
14203 	 14518 	 315
14203 	 14854 	 651
14203 	 14314 	 111
14314 	 14509 	 195
14509 	 14738 	 229
14738 	 14779 	 41
14779 	 14833 	 54
14203 	 14345 	 142
14345 	 14494 	 149
14223 	 14577 	 354
14222 	 14386 	 164
14386 	 14757 	 371
14223 	 14313 	 90
14223 	 14255 	 32
14223 	 14228 	 5
14221 	 14228 	 7
14228 	 14230 	 2
14230 	 14272 	 42
14272 	 14311 	 39
14311 	 14338 	 27
14338 	 14647 	 309
14221 	 14308 	 87
14308 	 14411 	 103
14221 	 14333 	 112
14333 	 14333 	 0
14333 	 14360 	 27
14360 	 14360 	 0
14222 	 14224 	 2
14224 	 14231 	 7
14226 	 14226 	 0
14227 	 14227 	 0
14227 	 14278 	 51
14278 	 14352 	 74
14352 	 14438 	 86
14438 	 14705 	 267
14224 	 14325 	 101
14325 	 14326 	 1
14326 	 14340 	 14
14340 	 14656 	 316
14656 	 14745 	 89
14745 	 14818 	 73
14224 	 14375 	 151
14375 	 14437 	 62
14216 	 14631 	 415
14631 	 14715 	 84
14715 	 14717 	 2
14216 	 14524 	 308
14216 	 14224 	 8
14216 	 14224 	 8
14224 	 14224 	 0
14214 	 14437 	 223
14214 	 14566 	 352
14214 	 14215 	 1
14215 	 14372 	 157
14218 	 14220 	 2
14220 	 14224 	 4
14220 	 14376 	 156
14376 	 14550 	 174
14217 	 14219 	 2
14217 	 14651 	 434
14217 	 14377 	 160
14217 	 14574 	 357
14574 	 14697 	 123
14697 	 14769 	 72
14217 	 14227 	 10
14227 	 14247 	 20
14217 	 14222 	 5
14217 	 14349 	 132
14217 	 14217 	 0
14217 	 14257 	 40
14061 	 14092 	 31
14092 	 14109 	 17
14109 	 14110 	 1
14110 	 14158 	 48
14158 	 14194 	 36
14194 	 14205 	 11
14061 	 14069 	 8
14069 	 14131 	 62
14061 	 14061 	 0
14062 	 14084 	 22
14063 	 14075 	 12
14062 	 14072 	 10
14072 	 14081 	 9
14062 	 14074 	 12
14063 	 14063 	 0
14058 	 14792 	 734
14058 	 14064 	 6
14064 	 14132 	 68
14132 	 14144 	 12
14058 	 14547 	 489
14547 	 14583 	 36
14060 	 14067 	 7
14060 	 14214 	 154
14214 	 14293 	 79
14069 	 14071 	 2
14071 	 14072 	 1
14069 	 14081 	 12
14069 	 14069 	 0
14069 	 14091 	 22
14070 	 14139 	 69
14070 	 14085 	 15
14085 	 14086 	 1
14086 	 14090 	 4
14070 	 14393 	 323
14064 	 14065 	 1
14066 	 14075 	 9
14066 	 14181 	 115
14066 	 14083 	 17
14067 	 14131 	 64
14131 	 14153 	 22
14153 	 14171 	 18
14171 	 14199 	 28
14199 	 14278 	 79
14067 	 14091 	 24
14068 	 14090 	 22
14067 	 14327 	 260
14327 	 14747 	 420
14747 	 14962 	 215
14068 	 14104 	 36
14068 	 14202 	 134
14068 	 14068 	 0
14068 	 14073 	 5
14073 	 14082 	 9
14068 	 14235 	 167
14068 	 14250 	 182
14078 	 14456 	 378
14456 	 14601 	 145
14078 	 14104 	 26
14077 	 14195 	 118
14195 	 14311 	 116
14077 	 14077 	 0
14077 	 14955 	 878
14077 	 14077 	 0
14077 	 14098 	 21
14080 	 14080 	 0
14080 	 14088 	 8
14080 	 14622 	 542
14622 	 14796 	 174
14080 	 14201 	 121
14201 	 14251 	 50
14251 	 14259 	 8
14259 	 14324 	 65
14080 	 14461 	 381
14080 	 14193 	 113
14079 	 14085 	 6
14085 	 14090 	 5
14090 	 14090 	 0
14090 	 14092 	 2
14075 	 14508 	 433
14075 	 14091 	 16
14074 	 14132 	 58
14132 	 14259 	 127
14074 	 14131 	 57
14131 	 14144 	 13
14077 	 14077 	 0
14076 	 14193 	 117
14076 	 14114 	 38
14076 	 14077 	 1
14076 	 14873 	 797
14076 	 14410 	 334
14075 	 14091 	 16
14083 	 14137 	 54
14083 	 14153 	 70
14085 	 14277 	 192
14084 	 14117 	 33
14081 	 14096 	 15
14080 	 14305 	 225
14082 	 14158 	 76
14158 	 14206 	 48
14206 	 14243 	 37
14243 	 14287 	 44
14287 	 14291 	 4
14291 	 14357 	 66
14357 	 14383 	 26
14383 	 14453 	 70
14453 	 14460 	 7
14460 	 14508 	 48
14508 	 14654 	 146
14082 	 14083 	 1
14083 	 14088 	 5
14082 	 14255 	 173
14255 	 14648 	 393
14082 	 14086 	 4
14082 	 14084 	 2
14082 	 14099 	 17
14099 	 14128 	 29
14128 	 14221 	 93
14082 	 14280 	 198
14082 	 14097 	 15
14081 	 14285 	 204
14033 	 14188 	 155
14033 	 14130 	 97
14130 	 14182 	 52
14033 	 14283 	 250
14032 	 14032 	 0
14031 	 14146 	 115
14146 	 14160 	 14
14160 	 14462 	 302
14462 	 14573 	 111
14031 	 14357 	 326
14357 	 14396 	 39
14396 	 14639 	 243
14639 	 14770 	 131
14031 	 14040 	 9
14031 	 14048 	 17
14048 	 14053 	 5
14031 	 14031 	 0
14032 	 14356 	 324
14356 	 14677 	 321
14032 	 14052 	 20
14029 	 14062 	 33
14062 	 14079 	 17
14079 	 14083 	 4
14029 	 14403 	 374
14403 	 14531 	 128
14531 	 14662 	 131
14029 	 14053 	 24
14053 	 14057 	 4
14031 	 14058 	 27
14028 	 14321 	 293
14321 	 14706 	 385
14706 	 14735 	 29
14027 	 14044 	 17
14040 	 14097 	 57
14039 	 14247 	 208
14040 	 14367 	 327
14040 	 14875 	 835
14040 	 14040 	 0
14040 	 14040 	 0
14040 	 14052 	 12
14038 	 14049 	 11
14049 	 14049 	 0
14049 	 14065 	 16
14065 	 14145 	 80
14145 	 14171 	 26
14171 	 14194 	 23
14038 	 14040 	 2
14040 	 14043 	 3
14043 	 14043 	 0
14043 	 14068 	 25
14068 	 14077 	 9
14077 	 14081 	 4
14081 	 14107 	 26
14107 	 14109 	 2
14038 	 14178 	 140
14178 	 14410 	 232
14038 	 14041 	 3
14041 	 14051 	 10
14051 	 14068 	 17
14068 	 14075 	 7
14039 	 14670 	 631
14039 	 14071 	 32
14039 	 14176 	 137
14176 	 14191 	 15
14035 	 14074 	 39
14035 	 14133 	 98
14035 	 14041 	 6
14036 	 14075 	 39
14075 	 14080 	 5
14080 	 14080 	 0
14080 	 14084 	 4
14084 	 14126 	 42
14126 	 14170 	 44
14170 	 14175 	 5
14175 	 14236 	 61
14236 	 14268 	 32
14268 	 14315 	 47
14315 	 14316 	 1
14316 	 14318 	 2
14036 	 14039 	 3
14036 	 14192 	 156
14034 	 14053 	 19
14034 	 14077 	 43
14035 	 14066 	 31
14035 	 14046 	 11
14046 	 14096 	 50
14096 	 14102 	 6
14102 	 14109 	 7
14047 	 14050 	 3
14047 	 14075 	 28
14046 	 14508 	 462
14046 	 14046 	 0
14044 	 14073 	 29
14073 	 14084 	 11
14084 	 14157 	 73
14157 	 14172 	 15
14172 	 14209 	 37
14209 	 14229 	 20
14044 	 14054 	 10
14044 	 14048 	 4
14048 	 14050 	 2
14043 	 14307 	 264
14307 	 14388 	 81
14388 	 14791 	 403
14043 	 14055 	 12
14043 	 14043 	 0
14042 	 14134 	 92
14042 	 14057 	 15
14057 	 14058 	 1
14042 	 14499 	 457
14042 	 14107 	 65
14042 	 14076 	 34
14042 	 14122 	 80
14122 	 14149 	 27
14149 	 14202 	 53
14041 	 14051 	 10
14041 	 14188 	 147
14056 	 14532 	 476
14056 	 14057 	 1
14055 	 14055 	 0
14055 	 14915 	 860
14055 	 14075 	 20
14075 	 14130 	 55
14055 	 14225 	 170
14054 	 14054 	 0
14053 	 14229 	 176
14229 	 14255 	 26
14053 	 14168 	 115
14168 	 14181 	 13
14054 	 14177 	 123
14054 	 14191 	 137
14050 	 14216 	 166
14052 	 14059 	 7
14059 	 14060 	 1
14060 	 14068 	 8
14052 	 14069 	 17
14049 	 14154 	 105
14050 	 14054 	 4
14050 	 14073 	 23
14049 	 14556 	 507
14119 	 14119 	 0
14119 	 14789 	 670
14789 	 14896 	 107
14119 	 14133 	 14
14133 	 14165 	 32
14165 	 14188 	 23
14188 	 14220 	 32
14119 	 14273 	 154
14273 	 14274 	 1
14274 	 14274 	 0
14119 	 14287 	 168
14119 	 14136 	 17
14136 	 14139 	 3
14139 	 14172 	 33
14172 	 14174 	 2
14174 	 14179 	 5
14179 	 14184 	 5
14184 	 14188 	 4
14188 	 14188 	 0
14188 	 14190 	 2
14190 	 14196 	 6
14196 	 14228 	 32
14120 	 14129 	 9
14120 	 14336 	 216
14121 	 14122 	 1
14122 	 14122 	 0
14122 	 14178 	 56
14178 	 14204 	 26
14123 	 14152 	 29
14123 	 14207 	 84
14123 	 14279 	 156
14123 	 14231 	 108
14124 	 14175 	 51
14124 	 14557 	 433
14557 	 14751 	 194
14751 	 14940 	 189
14124 	 14124 	 0
14124 	 14481 	 357
14481 	 14552 	 71
14124 	 14129 	 5
14125 	 14725 	 600
14125 	 14164 	 39
14126 	 14131 	 5
14126 	 14326 	 200
14128 	 14129 	 1
14128 	 14396 	 268
14396 	 14485 	 89
14127 	 14437 	 310
14437 	 14457 	 20
14129 	 14137 	 8
14129 	 14285 	 156
14130 	 14158 	 28
14130 	 14642 	 512
14129 	 14133 	 4
14129 	 14130 	 1
14130 	 14162 	 32
14130 	 14197 	 67
14131 	 14143 	 12
14143 	 14151 	 8
14131 	 14777 	 646
14132 	 14172 	 40
14132 	 14209 	 77
14209 	 14219 	 10
14219 	 14219 	 0
14219 	 14219 	 0
14219 	 14255 	 36
14131 	 14553 	 422
14131 	 14131 	 0
14133 	 14305 	 172
14133 	 14502 	 369
14133 	 14153 	 20
14153 	 14279 	 126
14279 	 14684 	 405
14132 	 14171 	 39
14133 	 14249 	 116
14134 	 14143 	 9
14135 	 14136 	 1
14135 	 14135 	 0
14134 	 14141 	 7
14141 	 14167 	 26
14167 	 14202 	 35
14202 	 14251 	 49
14251 	 14322 	 71
14322 	 14348 	 26
14348 	 14577 	 229
14577 	 14643 	 66
14134 	 14170 	 36
14170 	 14170 	 0
14137 	 14459 	 322
14137 	 14842 	 705
14137 	 14158 	 21
14136 	 14290 	 154
14136 	 14810 	 674
14139 	 14792 	 653
14139 	 14750 	 611
14139 	 14139 	 0
14138 	 14317 	 179
14317 	 14589 	 272
14589 	 14630 	 41
14630 	 14645 	 15
14645 	 14913 	 268
14137 	 14543 	 406
14137 	 14137 	 0
14140 	 14140 	 0
14140 	 14180 	 40
14140 	 14145 	 5
14140 	 14292 	 152
14292 	 14554 	 262
14554 	 14653 	 99
14140 	 14192 	 52
14192 	 14304 	 112
14304 	 14486 	 182
14486 	 14644 	 158
14140 	 14252 	 112
14252 	 14298 	 46
14298 	 14301 	 3
14139 	 14143 	 4
14143 	 14148 	 5
14148 	 14159 	 11
14159 	 14170 	 11
14170 	 14178 	 8
14139 	 14229 	 90
14143 	 14446 	 303
14446 	 14473 	 27
14473 	 14522 	 49
14522 	 14537 	 15
14537 	 14618 	 81
14618 	 14669 	 51
14142 	 14851 	 709
14143 	 14169 	 26
14169 	 14181 	 12
14181 	 14194 	 13
14194 	 14204 	 10
14204 	 14212 	 8
14212 	 14294 	 82
14141 	 14514 	 373
14144 	 14195 	 51
14143 	 14152 	 9
14143 	 14251 	 108
14088 	 14132 	 44
14132 	 14153 	 21
14153 	 14155 	 2
14155 	 14180 	 25
14180 	 14187 	 7
14187 	 14194 	 7
14194 	 14195 	 1
14195 	 14206 	 11
14206 	 14278 	 72
14089 	 14231 	 142
14087 	 14087 	 0
14087 	 14561 	 474
14561 	 14592 	 31
14592 	 14772 	 180
14087 	 14087 	 0
14091 	 14121 	 30
14121 	 14125 	 4
14125 	 14144 	 19
14144 	 14144 	 0
14144 	 14144 	 0
14144 	 14210 	 66
14092 	 14272 	 180
14272 	 14295 	 23
14295 	 14472 	 177
14472 	 14526 	 54
14092 	 14300 	 208
14093 	 14093 	 0
14092 	 14171 	 79
14171 	 14210 	 39
14090 	 14230 	 140
14090 	 14238 	 148
14090 	 14236 	 146
14090 	 14236 	 146
14090 	 14481 	 391
14091 	 14283 	 192
14283 	 14289 	 6
14091 	 14474 	 383
14090 	 14292 	 202
14090 	 14179 	 89
14096 	 14096 	 0
14096 	 14245 	 149
14096 	 14435 	 339
14097 	 14097 	 0
14097 	 14167 	 70
14167 	 14173 	 6
14097 	 14342 	 245
14097 	 14185 	 88
14097 	 14097 	 0
14096 	 14278 	 182
14278 	 14736 	 458
14097 	 14102 	 5
14094 	 14103 	 9
14094 	 14151 	 57
14094 	 14184 	 90
14094 	 14094 	 0
14094 	 14094 	 0
14095 	 14113 	 18
14095 	 14096 	 1
14095 	 14095 	 0
14095 	 14101 	 6
14095 	 14263 	 168
14101 	 14613 	 512
14100 	 14134 	 34
14134 	 14586 	 452
14586 	 14677 	 91
14100 	 14109 	 9
14109 	 14212 	 103
14101 	 14262 	 161
14101 	 14333 	 232
14101 	 14676 	 575
14101 	 14676 	 575
14101 	 14376 	 275
14098 	 14164 	 66
14164 	 14172 	 8
14098 	 14106 	 8
14106 	 14118 	 12
14098 	 14151 	 53
14097 	 14102 	 5
14097 	 14140 	 43
14140 	 14209 	 69
14209 	 14245 	 36
14097 	 14097 	 0
14097 	 14167 	 70
14167 	 14188 	 21
14104 	 14121 	 17
14121 	 14122 	 1
14122 	 14123 	 1
14123 	 14124 	 1
14124 	 14124 	 0
14124 	 14124 	 0
14104 	 14112 	 8
14104 	 14135 	 31
14103 	 14103 	 0
14103 	 14170 	 67
14170 	 14511 	 341
14104 	 14138 	 34
14102 	 14391 	 289
14391 	 14739 	 348
14102 	 14106 	 4
14103 	 14103 	 0
14103 	 14104 	 1
14102 	 14653 	 551
14102 	 14169 	 67
14169 	 14193 	 24
14193 	 14223 	 30
14223 	 14257 	 34
14102 	 14500 	 398
14500 	 14784 	 284
14784 	 14785 	 1
14785 	 14866 	 81
14110 	 14114 	 4
14114 	 14280 	 166
14280 	 14384 	 104
14108 	 14118 	 10
14109 	 14223 	 114
14107 	 14195 	 88
14106 	 14129 	 23
14105 	 14115 	 10
14115 	 14151 	 36
14151 	 14193 	 42
14106 	 14207 	 101
14106 	 14207 	 101
14113 	 14579 	 466
14114 	 14119 	 5
14113 	 14190 	 77
14190 	 14271 	 81
14271 	 14271 	 0
14271 	 14277 	 6
14277 	 14488 	 211
14488 	 14743 	 255
14743 	 14913 	 170
14112 	 14132 	 20
14111 	 14274 	 163
14274 	 14491 	 217
14111 	 14333 	 222
14111 	 14123 	 12
14123 	 14143 	 20
14143 	 14221 	 78
14221 	 14238 	 17
14238 	 14253 	 15
14253 	 14260 	 7
14260 	 14360 	 100
14111 	 14119 	 8
14110 	 14188 	 78
14188 	 14382 	 194
14110 	 14143 	 33
14143 	 14282 	 139
14282 	 14306 	 24
14306 	 14385 	 79
14385 	 14413 	 28
14413 	 14616 	 203
14616 	 14647 	 31
14110 	 14130 	 20
14117 	 14117 	 0
14117 	 14119 	 2
14117 	 14117 	 0
14117 	 14117 	 0
14117 	 14117 	 0
14117 	 14119 	 2
14116 	 14660 	 544
14116 	 14121 	 5
14115 	 14204 	 89
14115 	 14318 	 203
14503 	 14503 	 0
14503 	 14512 	 9
14503 	 14520 	 17
14504 	 14507 	 3
14507 	 14549 	 42
14505 	 14512 	 7
14506 	 14517 	 11
14497 	 14653 	 156
14497 	 14549 	 52
14497 	 14497 	 0
14497 	 14497 	 0
14498 	 14724 	 226
14499 	 14877 	 378
14500 	 14508 	 8
14508 	 14525 	 17
14501 	 14569 	 68
14569 	 14595 	 26
14595 	 14867 	 272
14867 	 14871 	 4
14501 	 14550 	 49
14501 	 14523 	 22
14501 	 14501 	 0
14512 	 14513 	 1
14513 	 14531 	 18
14531 	 14532 	 1
14512 	 14546 	 34
14512 	 14514 	 2
14512 	 14536 	 24
14536 	 14678 	 142
14514 	 14559 	 45
14559 	 14594 	 35
14594 	 14713 	 119
14516 	 14887 	 371
14515 	 14819 	 304
14515 	 14545 	 30
14508 	 14941 	 433
14507 	 14533 	 26
14507 	 14508 	 1
14506 	 14515 	 9
14509 	 14518 	 9
14509 	 14543 	 34
14543 	 14627 	 84
14509 	 14712 	 203
14511 	 14528 	 17
14511 	 14517 	 6
14517 	 14577 	 60
14510 	 14539 	 29
14483 	 14483 	 0
14484 	 14648 	 164
14648 	 14648 	 0
14488 	 14596 	 108
14480 	 14489 	 9
14480 	 14581 	 101
14479 	 14629 	 150
14479 	 14510 	 31
14482 	 14482 	 0
14483 	 14483 	 0
14483 	 14560 	 77
14482 	 14484 	 2
14494 	 14515 	 21
14515 	 14536 	 21
14494 	 14495 	 1
14493 	 14718 	 225
14493 	 14504 	 11
14492 	 14701 	 209
14496 	 14556 	 60
14497 	 14704 	 207
14704 	 14732 	 28
14496 	 14498 	 2
14498 	 14500 	 2
14500 	 14507 	 7
14495 	 14939 	 444
14495 	 14577 	 82
14489 	 14638 	 149
14489 	 14490 	 1
14490 	 14499 	 9
14492 	 14492 	 0
14491 	 14545 	 54
14538 	 14540 	 2
14539 	 14623 	 84
14539 	 14539 	 0
14537 	 14538 	 1
14538 	 14570 	 32
14570 	 14663 	 93
14536 	 14538 	 2
14536 	 14537 	 1
14537 	 14538 	 1
14538 	 14538 	 0
14538 	 14538 	 0
14538 	 14543 	 5
14543 	 14545 	 2
14545 	 14546 	 1
14546 	 14547 	 1
14547 	 14551 	 4
14551 	 14552 	 1
14552 	 14552 	 0
14552 	 14558 	 6
14536 	 14536 	 0
14536 	 14538 	 2
14536 	 14760 	 224
14536 	 14570 	 34
14536 	 14536 	 0
14537 	 14558 	 21
14534 	 14640 	 106
14546 	 14613 	 67
14613 	 14620 	 7
14545 	 14826 	 281
14543 	 14841 	 298
14544 	 14549 	 5
14549 	 14553 	 4
14553 	 14631 	 78
14631 	 14685 	 54
14685 	 14902 	 217
14543 	 14571 	 28
14571 	 14574 	 3
14542 	 14542 	 0
14541 	 14708 	 167
14524 	 14535 	 11
14524 	 14566 	 42
14523 	 14789 	 266
14523 	 14563 	 40
14522 	 14525 	 3
14525 	 14538 	 13
14522 	 14617 	 95
14523 	 14536 	 13
14522 	 14526 	 4
14521 	 14629 	 108
14520 	 14520 	 0
14518 	 14620 	 102
14519 	 14567 	 48
14517 	 14529 	 12
14518 	 14773 	 255
14773 	 14861 	 88
14518 	 14580 	 62
14516 	 14834 	 318
14834 	 14907 	 73
14516 	 14635 	 119
14516 	 14543 	 27
14517 	 14517 	 0
14532 	 14534 	 2
14532 	 14537 	 5
14537 	 14556 	 19
14532 	 14641 	 109
14529 	 14628 	 99
14529 	 14530 	 1
14529 	 14645 	 116
14528 	 14614 	 86
14527 	 14527 	 0
14526 	 14816 	 290
14525 	 14528 	 3
14528 	 14542 	 14
14413 	 14433 	 20
14433 	 14451 	 18
14413 	 14520 	 107
14412 	 14813 	 401
14414 	 14540 	 126
14418 	 14461 	 43
14461 	 14508 	 47
14508 	 14525 	 17
14418 	 14493 	 75
14493 	 14570 	 77
14570 	 14596 	 26
14418 	 14472 	 54
14418 	 14559 	 141
14559 	 14620 	 61
14420 	 14628 	 208
14420 	 14667 	 247
14422 	 14441 	 19
14420 	 14482 	 62
14421 	 14426 	 5
14423 	 14506 	 83
14423 	 14424 	 1
14424 	 14536 	 112
14424 	 14529 	 105
14428 	 14443 	 15
14429 	 14618 	 189
14430 	 14626 	 196
14430 	 14437 	 7
14431 	 14508 	 77
14508 	 14532 	 24
14532 	 14604 	 72
14432 	 14516 	 84
14433 	 14433 	 0
14397 	 14419 	 22
14396 	 14487 	 91
14487 	 14509 	 22
14509 	 14532 	 23
14532 	 14571 	 39
14396 	 14537 	 141
14396 	 14472 	 76
14472 	 14549 	 77
14395 	 14480 	 85
14399 	 14937 	 538
14399 	 14399 	 0
14398 	 14398 	 0
14398 	 14406 	 8
14398 	 14398 	 0
14397 	 14397 	 0
14400 	 14845 	 445
14400 	 14424 	 24
14400 	 14434 	 34
14434 	 14450 	 16
14400 	 14409 	 9
14404 	 14436 	 32
14436 	 14629 	 193
14629 	 14664 	 35
14405 	 14405 	 0
14405 	 14501 	 96
14404 	 14763 	 359
14402 	 14605 	 203
14403 	 14403 	 0
14406 	 14408 	 2
14408 	 14418 	 10
14418 	 14420 	 2
14406 	 14414 	 8
14406 	 14734 	 328
14406 	 14424 	 18
14409 	 14416 	 7
14408 	 14573 	 165
14408 	 14466 	 58
14408 	 14464 	 56
14407 	 14408 	 1
14407 	 14426 	 19
14408 	 14717 	 309
14407 	 14446 	 39
14410 	 14499 	 89
14410 	 14456 	 46
14411 	 14480 	 69
14409 	 14813 	 404
14409 	 14505 	 96
14409 	 14539 	 130
14539 	 14541 	 2
14541 	 14629 	 88
14410 	 14467 	 57
14410 	 14866 	 456
14410 	 14890 	 480
14412 	 14560 	 148
14412 	 14446 	 34
14446 	 14522 	 76
14412 	 14426 	 14
14412 	 14787 	 375
14411 	 14412 	 1
14411 	 14455 	 44
14411 	 14448 	 37
14411 	 14473 	 62
14461 	 14522 	 61
14522 	 14559 	 37
14461 	 14752 	 291
14462 	 14535 	 73
14535 	 14570 	 35
14457 	 14726 	 269
14456 	 14456 	 0
14459 	 14468 	 9
14458 	 14599 	 141
14466 	 14499 	 33
14465 	 14606 	 141
14463 	 14468 	 5
14472 	 14472 	 0
14473 	 14494 	 21
14494 	 14639 	 145
14468 	 14528 	 60
14468 	 14671 	 203
14469 	 14498 	 29
14477 	 14677 	 200
14677 	 14882 	 205
14477 	 14511 	 34
14511 	 14529 	 18
14529 	 14551 	 22
14551 	 14594 	 43
14594 	 14665 	 71
14665 	 14675 	 10
14675 	 14682 	 7
14682 	 14824 	 142
14479 	 14479 	 0
14474 	 14598 	 124
14475 	 14857 	 382
14475 	 14475 	 0
14438 	 14488 	 50
14439 	 14885 	 446
14885 	 14888 	 3
14438 	 14480 	 42
14437 	 14437 	 0
14437 	 14439 	 2
14436 	 14466 	 30
14436 	 14467 	 31
14443 	 14853 	 410
14442 	 14734 	 292
14441 	 14671 	 230
14441 	 14473 	 32
14439 	 14439 	 0
14447 	 14449 	 2
14446 	 14522 	 76
14452 	 14462 	 10
14453 	 14875 	 422
14451 	 14677 	 226
14356 	 14356 	 0
14356 	 14795 	 439
14795 	 14825 	 30
14825 	 14825 	 0
14355 	 14440 	 85
14355 	 14425 	 70
14358 	 14358 	 0
14358 	 14358 	 0
14351 	 14351 	 0
14350 	 14399 	 49
14349 	 14656 	 307
14354 	 14532 	 178
14354 	 14377 	 23
14377 	 14396 	 19
14396 	 14426 	 30
14426 	 14437 	 11
14437 	 14444 	 7
14444 	 14487 	 43
14352 	 14657 	 305
14657 	 14830 	 173
14347 	 14720 	 373
14720 	 14768 	 48
14347 	 14347 	 0
14343 	 14411 	 68
14344 	 14642 	 298
14344 	 14489 	 145
14348 	 14477 	 129
14348 	 14482 	 134
14347 	 14368 	 21
14347 	 14442 	 95
14442 	 14446 	 4
14340 	 14492 	 152
14339 	 14374 	 35
14374 	 14378 	 4
14378 	 14419 	 41
14339 	 14470 	 131
14470 	 14548 	 78
14341 	 14360 	 19
14360 	 14721 	 361
14341 	 14666 	 325
14342 	 14395 	 53
14395 	 14675 	 280
14334 	 14438 	 104
14334 	 14334 	 0
14334 	 14334 	 0
14336 	 14336 	 0
14336 	 14462 	 126
14336 	 14472 	 136
14338 	 14697 	 359
14337 	 14388 	 51
14332 	 14332 	 0
14332 	 14378 	 46
14332 	 14508 	 176
14508 	 14536 	 28
14536 	 14557 	 21
14332 	 14332 	 0
14332 	 14370 	 38
14332 	 14332 	 0
14332 	 14332 	 0
14333 	 14739 	 406
14333 	 14333 	 0
14333 	 14333 	 0
14333 	 14333 	 0
14333 	 14333 	 0
14333 	 14333 	 0
14333 	 14333 	 0
14333 	 14340 	 7
14340 	 14351 	 11
14351 	 14468 	 117
14468 	 14619 	 151
14326 	 14340 	 14
14326 	 14353 	 27
14327 	 14811 	 484
14327 	 14342 	 15
14327 	 14371 	 44
14328 	 14581 	 253
14329 	 14329 	 0
14329 	 14329 	 0
14329 	 14329 	 0
14329 	 14329 	 0
14321 	 14384 	 63
14322 	 14461 	 139
14324 	 14325 	 1
14325 	 14331 	 6
14331 	 14331 	 0
14331 	 14341 	 10
14324 	 14399 	 75
14325 	 14343 	 18
14393 	 14466 	 73
14466 	 14466 	 0
14394 	 14443 	 49
14393 	 14404 	 11
14392 	 14859 	 467
14391 	 14677 	 286
14677 	 14857 	 180
14390 	 14673 	 283
14390 	 14487 	 97
14390 	 14390 	 0
14390 	 14402 	 12
14390 	 14768 	 378
14390 	 14390 	 0
14389 	 14543 	 154
14388 	 14530 	 142
14387 	 14551 	 164
14387 	 14660 	 273
14387 	 14399 	 12
14384 	 14403 	 19
14403 	 14409 	 6
14385 	 14735 	 350
14383 	 14672 	 289
14383 	 14385 	 2
14385 	 14670 	 285
14382 	 14552 	 170
14552 	 14553 	 1
14382 	 14397 	 15
14397 	 14398 	 1
14382 	 14395 	 13
14383 	 14734 	 351
14381 	 14396 	 15
14396 	 14399 	 3
14399 	 14416 	 17
14416 	 14466 	 50
14466 	 14499 	 33
14499 	 14560 	 61
14560 	 14775 	 215
14381 	 14462 	 81
14462 	 14861 	 399
14381 	 14408 	 27
14408 	 14412 	 4
14412 	 14415 	 3
14415 	 14424 	 9
14379 	 14457 	 78
14378 	 14750 	 372
14377 	 14382 	 5
14382 	 14389 	 7
14376 	 14390 	 14
14375 	 14383 	 8
14376 	 14376 	 0
14376 	 14388 	 12
14388 	 14393 	 5
14393 	 14396 	 3
14396 	 14398 	 2
14398 	 14399 	 1
14399 	 14402 	 3
14402 	 14409 	 7
14409 	 14409 	 0
14409 	 14416 	 7
14416 	 14444 	 28
14444 	 14444 	 0
14444 	 14452 	 8
14452 	 14461 	 9
14461 	 14613 	 152
14376 	 14404 	 28
14375 	 14582 	 207
14582 	 14728 	 146
14375 	 14382 	 7
14373 	 14375 	 2
14375 	 14428 	 53
14372 	 14606 	 234
14372 	 14517 	 145
14517 	 14543 	 26
14543 	 14558 	 15
14558 	 14593 	 35
14374 	 14424 	 50
14424 	 14440 	 16
14371 	 14389 	 18
14371 	 14404 	 33
14404 	 14406 	 2
14371 	 14372 	 1
14372 	 14375 	 3
14375 	 14376 	 1
14376 	 14382 	 6
14382 	 14388 	 6
14388 	 14395 	 7
14395 	 14403 	 8
14403 	 14405 	 2
14405 	 14406 	 1
14406 	 14416 	 10
14416 	 14418 	 2
14418 	 14428 	 10
14428 	 14433 	 5
14433 	 14439 	 6
14439 	 14442 	 3
14442 	 14461 	 19
14461 	 14462 	 1
14462 	 14464 	 2
14464 	 14472 	 8
14472 	 14487 	 15
14487 	 14520 	 33
14370 	 14370 	 0
14370 	 14375 	 5
14375 	 14376 	 1
14376 	 14376 	 0
14376 	 14383 	 7
14383 	 14383 	 0
14383 	 14399 	 16
14370 	 14503 	 133
14503 	 14568 	 65
14370 	 14395 	 25
14395 	 14497 	 102
14371 	 14403 	 32
14403 	 14432 	 29
14371 	 14371 	 0
14371 	 14427 	 56
14369 	 14372 	 3
14372 	 14438 	 66
14369 	 14390 	 21
14370 	 14396 	 26
14396 	 14396 	 0
14367 	 14374 	 7
14367 	 14561 	 194
14367 	 14367 	 0
14368 	 14404 	 36
14404 	 14480 	 76
14368 	 14427 	 59
14427 	 14448 	 21
14368 	 14848 	 480
14368 	 14475 	 107
14475 	 14475 	 0
14475 	 14569 	 94
14569 	 14704 	 135
14704 	 14764 	 60
14764 	 14765 	 1
14765 	 14795 	 30
14795 	 14831 	 36
14831 	 14880 	 49
14880 	 14889 	 9
14889 	 14943 	 54
14368 	 14558 	 190
14363 	 14367 	 4
14363 	 14373 	 10
14373 	 14378 	 5
14378 	 14384 	 6
14384 	 14391 	 7
14391 	 14392 	 1
14392 	 14394 	 2
14394 	 14398 	 4
14398 	 14400 	 2
14400 	 14404 	 4
14404 	 14408 	 4
14408 	 14410 	 2
14410 	 14411 	 1
14411 	 14412 	 1
14412 	 14412 	 0
14412 	 14416 	 4
14416 	 14422 	 6
14422 	 14425 	 3
14425 	 14431 	 6
14431 	 14435 	 4
14435 	 14437 	 2
14437 	 14451 	 14
14451 	 14466 	 15
14466 	 14482 	 16
14364 	 14389 	 25
14389 	 14436 	 47
14436 	 14451 	 15
14363 	 14607 	 244
14363 	 14523 	 160
14523 	 14661 	 138
14661 	 14664 	 3
14364 	 14391 	 27
14391 	 14392 	 1
14364 	 14643 	 279
14365 	 14412 	 47
14412 	 14792 	 380
14365 	 14365 	 0
14366 	 14544 	 178
14361 	 14459 	 98
14362 	 14560 	 198
14363 	 14425 	 62
14363 	 14849 	 486
14285 	 14327 	 42
14285 	 14288 	 3
14285 	 14286 	 1
14287 	 14287 	 0
14287 	 14292 	 5
14290 	 14291 	 1
14288 	 14371 	 83
14288 	 14319 	 31
14319 	 14338 	 19
14338 	 14390 	 52
14390 	 14527 	 137
14289 	 14292 	 3
14291 	 14504 	 213
14504 	 14515 	 11
14515 	 14950 	 435
14291 	 14293 	 2
14293 	 14325 	 32
14278 	 14294 	 16
14294 	 14573 	 279
14278 	 14285 	 7
14285 	 14298 	 13
14278 	 14278 	 0
14278 	 14726 	 448
14278 	 14467 	 189
14280 	 14289 	 9
14280 	 14413 	 133
14279 	 14863 	 584
14278 	 14279 	 1
14280 	 14295 	 15
14280 	 14280 	 0
14280 	 14764 	 484
14280 	 14642 	 362
14284 	 14697 	 413
14283 	 14334 	 51
14283 	 14287 	 4
14287 	 14291 	 4
14291 	 14292 	 1
14292 	 14299 	 7
14299 	 14299 	 0
14299 	 14301 	 2
14301 	 14304 	 3
14304 	 14312 	 8
14312 	 14315 	 3
14315 	 14321 	 6
14321 	 14323 	 2
14323 	 14327 	 4
14327 	 14341 	 14
14341 	 14353 	 12
14353 	 14353 	 0
14353 	 14460 	 107
14460 	 14545 	 85
14283 	 14564 	 281
14564 	 14754 	 190
14271 	 14274 	 3
14274 	 14279 	 5
14279 	 14281 	 2
14281 	 14287 	 6
14287 	 14309 	 22
14309 	 14311 	 2
14311 	 14311 	 0
14311 	 14339 	 28
14271 	 14311 	 40
14271 	 14302 	 31
14272 	 14548 	 276
14548 	 14644 	 96
14272 	 14320 	 48
14273 	 14692 	 419
14274 	 14396 	 122
14274 	 14448 	 174
14273 	 14405 	 132
14275 	 14275 	 0
14274 	 14275 	 1
14275 	 14408 	 133
14408 	 14636 	 228
14274 	 14287 	 13
14275 	 14802 	 527
14276 	 14461 	 185
14276 	 14378 	 102
14277 	 14579 	 302
14579 	 14700 	 121
14700 	 14783 	 83
14783 	 14790 	 7
14790 	 14934 	 144
14277 	 14326 	 49
14277 	 14667 	 390
14277 	 14397 	 120
14277 	 14487 	 210
14277 	 14277 	 0
14277 	 14524 	 247
14524 	 14577 	 53
14277 	 14291 	 14
14277 	 14283 	 6
14283 	 14491 	 208
14277 	 14282 	 5
14277 	 14277 	 0
14277 	 14297 	 20
14297 	 14335 	 38
14335 	 14374 	 39
14374 	 14421 	 47
14421 	 14962 	 541
14278 	 14462 	 184
14265 	 14271 	 6
14265 	 14674 	 409
14674 	 14674 	 0
14264 	 14290 	 26
14264 	 14413 	 149
14413 	 14574 	 161
14264 	 14271 	 7
14265 	 14824 	 559
14824 	 14875 	 51
14267 	 14272 	 5
14267 	 14626 	 359
14267 	 14307 	 40
14268 	 14604 	 336
14604 	 14612 	 8
14268 	 14268 	 0
14269 	 14629 	 360
14269 	 14270 	 1
14270 	 14288 	 18
14288 	 14294 	 6
14270 	 14540 	 270
14540 	 14734 	 194
14270 	 14318 	 48
14271 	 14287 	 16
14287 	 14291 	 4
14271 	 14271 	 0
14271 	 14274 	 3
14274 	 14280 	 6
14280 	 14286 	 6
14286 	 14323 	 37
14323 	 14326 	 3
14318 	 14369 	 51
14314 	 14671 	 357
14314 	 14317 	 3
14315 	 14514 	 199
14315 	 14803 	 488
14313 	 14313 	 0
14321 	 14944 	 623
14321 	 14321 	 0
14321 	 14321 	 0
14321 	 14321 	 0
14321 	 14321 	 0
14321 	 14321 	 0
14321 	 14682 	 361
14321 	 14321 	 0
14320 	 14627 	 307
14627 	 14872 	 245
14319 	 14374 	 55
14374 	 14393 	 19
14393 	 14396 	 3
14396 	 14462 	 66
14462 	 14490 	 28
14490 	 14534 	 44
14319 	 14846 	 527
14308 	 14962 	 654
14308 	 14670 	 362
14670 	 14751 	 81
14307 	 14307 	 0
14307 	 14311 	 4
14307 	 14399 	 92
14399 	 14431 	 32
14306 	 14579 	 273
14306 	 14307 	 1
14307 	 14342 	 35
14342 	 14368 	 26
14368 	 14369 	 1
14369 	 14437 	 68
14437 	 14462 	 25
14462 	 14463 	 1
14463 	 14485 	 22
14485 	 14504 	 19
14504 	 14576 	 72
14576 	 14634 	 58
14306 	 14366 	 60
14312 	 14353 	 41
14312 	 14768 	 456
14311 	 14311 	 0
14309 	 14309 	 0
14308 	 14394 	 86
14308 	 14392 	 84
14392 	 14397 	 5
14397 	 14543 	 146
14301 	 14320 	 19
14300 	 14472 	 172
14301 	 14412 	 111
14301 	 14302 	 1
14302 	 14302 	 0
14302 	 14308 	 6
14308 	 14308 	 0
14308 	 14309 	 1
14309 	 14310 	 1
14310 	 14315 	 5
14315 	 14321 	 6
14301 	 14448 	 147
14299 	 14308 	 9
14299 	 14300 	 1
14300 	 14301 	 1
14301 	 14322 	 21
14299 	 14366 	 67
14366 	 14611 	 245
14611 	 14893 	 282
14299 	 14300 	 1
14300 	 14308 	 8
14305 	 14618 	 313
14305 	 14480 	 175
14305 	 14305 	 0
14305 	 14321 	 16
14302 	 14457 	 155
14302 	 14380 	 78
14293 	 14296 	 3
14294 	 14664 	 370
14294 	 14322 	 28
14322 	 14376 	 54
14294 	 14300 	 6
14300 	 14307 	 7
14307 	 14528 	 221
14294 	 14450 	 156
14292 	 14497 	 205
14292 	 14305 	 13
14292 	 14741 	 449
14292 	 14304 	 12
14292 	 14695 	 403
14297 	 14465 	 168
14465 	 14466 	 1
14297 	 14306 	 9
14297 	 14664 	 367
14298 	 14298 	 0
14298 	 14388 	 90
14790 	 14790 	 0
14790 	 14822 	 32
14822 	 14857 	 35
14789 	 14791 	 2
14788 	 14823 	 35
14788 	 14817 	 29
14817 	 14818 	 1
14787 	 14815 	 28
14784 	 14784 	 0
14784 	 14879 	 95
14804 	 14820 	 16
14820 	 14824 	 4
14824 	 14828 	 4
14828 	 14848 	 20
14848 	 14854 	 6
14803 	 14808 	 5
14802 	 14802 	 0
14802 	 14802 	 0
14801 	 14807 	 6
14801 	 14801 	 0
14801 	 14906 	 105
14906 	 14923 	 17
14801 	 14829 	 28
14800 	 14803 	 3
14800 	 14922 	 122
14799 	 14836 	 37
14798 	 14809 	 11
14795 	 14795 	 0
14795 	 14795 	 0
14794 	 14794 	 0
14811 	 14811 	 0
14809 	 14809 	 0
14810 	 14810 	 0
14808 	 14810 	 2
14810 	 14833 	 23
14833 	 14935 	 102
14806 	 14809 	 3
14825 	 14825 	 0
14824 	 14830 	 6
14821 	 14822 	 1
14822 	 14836 	 14
14836 	 14929 	 93
14817 	 14825 	 8
14819 	 14847 	 28
14818 	 14915 	 97
14816 	 14856 	 40
14816 	 14819 	 3
14816 	 14881 	 65
14816 	 14880 	 64
14832 	 14832 	 0
14833 	 14872 	 39
14831 	 14958 	 127
14832 	 14857 	 25
14835 	 14835 	 0
14836 	 14837 	 1
14834 	 14902 	 68
14827 	 14827 	 0
14829 	 14834 	 5
14838 	 14850 	 12
14850 	 14856 	 6
14841 	 14850 	 9
14841 	 14873 	 32
14850 	 14932 	 82
14851 	 14889 	 38
14889 	 14911 	 22
14911 	 14919 	 8
14852 	 14856 	 4
14856 	 14872 	 16
14872 	 14875 	 3
14875 	 14892 	 17
14871 	 14871 	 0
14871 	 14871 	 0
14871 	 14871 	 0
14873 	 14874 	 1
14873 	 14924 	 51
14866 	 14899 	 33
14706 	 14734 	 28
14704 	 14782 	 78
14703 	 14735 	 32
14703 	 14791 	 88
14791 	 14791 	 0
14791 	 14791 	 0
14703 	 14703 	 0
14702 	 14703 	 1
14711 	 14950 	 239
14711 	 14763 	 52
14763 	 14769 	 6
14769 	 14773 	 4
14711 	 14911 	 200
14711 	 14715 	 4
14715 	 14722 	 7
14722 	 14744 	 22
14708 	 14711 	 3
14708 	 14714 	 6
14707 	 14736 	 29
14707 	 14763 	 56
14714 	 14723 	 9
14713 	 14722 	 9
14714 	 14714 	 0
14712 	 14720 	 8
14712 	 14712 	 0
14712 	 14712 	 0
14712 	 14712 	 0
14712 	 14712 	 0
14712 	 14717 	 5
14712 	 14713 	 1
14712 	 14714 	 2
14720 	 14728 	 8
14720 	 14724 	 4
14720 	 14778 	 58
14719 	 14846 	 127
14725 	 14747 	 22
14725 	 14749 	 24
14722 	 14781 	 59
14781 	 14783 	 2
14722 	 14725 	 3
14725 	 14725 	 0
14724 	 14822 	 98
14732 	 14733 	 1
14732 	 14733 	 1
14731 	 14795 	 64
14728 	 14769 	 41
14769 	 14773 	 4
14773 	 14811 	 38
14811 	 14895 	 84
14729 	 14834 	 105
14834 	 14847 	 13
14728 	 14849 	 121
14728 	 14769 	 41
14728 	 14745 	 17
14734 	 14747 	 13
14735 	 14753 	 18
14743 	 14743 	 0
14743 	 14773 	 30
14743 	 14743 	 0
14738 	 14770 	 32
14770 	 14778 	 8
14778 	 14784 	 6
14784 	 14818 	 34
14818 	 14856 	 38
14856 	 14896 	 40
14896 	 14899 	 3
14899 	 14929 	 30
14929 	 14947 	 18
14947 	 14964 	 17
14739 	 14740 	 1
14745 	 14745 	 0
14745 	 14745 	 0
14743 	 14745 	 2
14748 	 14829 	 81
14751 	 14944 	 193
14749 	 14759 	 10
14755 	 14760 	 5
14754 	 14755 	 1
14755 	 14822 	 67
14822 	 14837 	 15
14754 	 14839 	 85
14757 	 14757 	 0
14757 	 14833 	 76
14756 	 14756 	 0
14756 	 14817 	 61
14760 	 14772 	 12
14759 	 14819 	 60
14762 	 14762 	 0
14762 	 14769 	 7
14763 	 14765 	 2
14762 	 14780 	 18
14765 	 14766 	 1
14766 	 14787 	 21
14787 	 14829 	 42
14766 	 14776 	 10
14776 	 14791 	 15
14766 	 14794 	 28
14767 	 14824 	 57
14767 	 14767 	 0
14768 	 14824 	 56
14769 	 14791 	 22
14769 	 14802 	 33
14769 	 14796 	 27
14772 	 14774 	 2
14774 	 14776 	 2
14776 	 14789 	 13
14789 	 14791 	 2
14791 	 14808 	 17
14772 	 14953 	 181
14771 	 14772 	 1
14773 	 14807 	 34
14807 	 14824 	 17
14773 	 14778 	 5
14774 	 14791 	 17
14775 	 14803 	 28
14780 	 14821 	 41
14780 	 14782 	 2
14782 	 14785 	 3
14782 	 14929 	 147
14643 	 14651 	 8
14643 	 14708 	 65
14644 	 14658 	 14
14658 	 14663 	 5
14663 	 14674 	 11
14674 	 14676 	 2
14676 	 14691 	 15
14691 	 14692 	 1
14692 	 14714 	 22
14644 	 14689 	 45
14644 	 14689 	 45
14689 	 14809 	 120
14809 	 14954 	 145
14642 	 14672 	 30
14640 	 14645 	 5
14642 	 14693 	 51
14641 	 14643 	 2
14641 	 14677 	 36
14636 	 14856 	 220
14639 	 14672 	 33
14636 	 14680 	 44
14632 	 14717 	 85
14633 	 14670 	 37
14670 	 14867 	 197
14633 	 14634 	 1
14634 	 14634 	 0
14629 	 14670 	 41
14632 	 14632 	 0
14663 	 14663 	 0
14662 	 14700 	 38
14660 	 14661 	 1
14661 	 14661 	 0
14658 	 14676 	 18
14676 	 14676 	 0
14658 	 14714 	 56
14657 	 14657 	 0
14657 	 14696 	 39
14656 	 14676 	 20
14656 	 14794 	 138
14656 	 14796 	 140
14655 	 14675 	 20
14675 	 14690 	 15
14655 	 14705 	 50
14653 	 14725 	 72
14651 	 14682 	 31
14650 	 14843 	 193
14649 	 14649 	 0
14648 	 14775 	 127
14648 	 14688 	 40
14677 	 14677 	 0
14676 	 14676 	 0
14677 	 14768 	 91
14677 	 14844 	 167
14678 	 14742 	 64
14678 	 14774 	 96
14678 	 14807 	 129
14677 	 14757 	 80
14757 	 14797 	 40
14679 	 14714 	 35
14673 	 14964 	 291
14672 	 14687 	 15
14674 	 14880 	 206
14880 	 14881 	 1
14674 	 14674 	 0
14673 	 14673 	 0
14673 	 14855 	 182
14675 	 14707 	 32
14707 	 14718 	 11
14674 	 14803 	 129
14675 	 14709 	 34
14675 	 14843 	 168
14669 	 14680 	 11
14680 	 14695 	 15
14695 	 14720 	 25
14720 	 14851 	 131
14670 	 14767 	 97
14767 	 14784 	 17
14670 	 14677 	 7
14677 	 14689 	 12
14689 	 14722 	 33
14722 	 14726 	 4
14671 	 14673 	 2
14671 	 14705 	 34
14664 	 14693 	 29
14664 	 14664 	 0
14665 	 14721 	 56
14667 	 14691 	 24
14667 	 14766 	 99
14667 	 14710 	 43
14710 	 14852 	 142
14852 	 14911 	 59
14667 	 14669 	 2
14698 	 14705 	 7
14700 	 14700 	 0
14692 	 14692 	 0
14692 	 14695 	 3
14686 	 14742 	 56
14686 	 14706 	 20
14706 	 14777 	 71
14685 	 14699 	 14
14685 	 14805 	 120
14686 	 14714 	 28
14690 	 14690 	 0
14690 	 14690 	 0
14690 	 14690 	 0
14689 	 14693 	 4
14689 	 14717 	 28
14717 	 14781 	 64
14690 	 14690 	 0
14688 	 14755 	 67
14755 	 14766 	 11
14689 	 14740 	 51
14680 	 14680 	 0
14680 	 14727 	 47
14680 	 14710 	 30
14680 	 14692 	 12
14692 	 14707 	 15
14683 	 14683 	 0
14683 	 14824 	 141
14824 	 14834 	 10
14683 	 14704 	 21
14704 	 14740 	 36
14559 	 14600 	 41
14600 	 14675 	 75
14675 	 14690 	 15
14690 	 14693 	 3
14559 	 14632 	 73
14560 	 14560 	 0
14560 	 14560 	 0
14560 	 14562 	 2
14557 	 14665 	 108
14564 	 14564 	 0
14560 	 14564 	 4
14561 	 14587 	 26
14563 	 14746 	 183
14551 	 14572 	 21
14572 	 14622 	 50
14622 	 14646 	 24
14551 	 14551 	 0
14551 	 14551 	 0
14550 	 14612 	 62
14550 	 14552 	 2
14550 	 14558 	 8
14558 	 14574 	 16
14550 	 14610 	 60
14610 	 14693 	 83
14552 	 14680 	 128
14548 	 14556 	 8
14547 	 14549 	 2
14555 	 14556 	 1
14556 	 14556 	 0
14553 	 14555 	 2
14555 	 14563 	 8
14577 	 14594 	 17
14574 	 14577 	 3
14574 	 14627 	 53
14584 	 14726 	 142
14726 	 14770 	 44
14770 	 14822 	 52
14583 	 14585 	 2
14583 	 14677 	 94
14583 	 14621 	 38
14581 	 14644 	 63
14644 	 14852 	 208
14581 	 14680 	 99
14569 	 14595 	 26
14595 	 14637 	 42
14569 	 14573 	 4
14567 	 14623 	 56
14623 	 14627 	 4
14627 	 14651 	 24
14651 	 14702 	 51
14702 	 14750 	 48
14750 	 14752 	 2
14567 	 14618 	 51
14618 	 14628 	 10
14567 	 14767 	 200
14566 	 14603 	 37
14566 	 14572 	 6
14566 	 14688 	 122
14574 	 14648 	 74
14573 	 14599 	 26
14599 	 14660 	 61
14573 	 14740 	 167
14573 	 14573 	 0
14573 	 14670 	 97
14573 	 14833 	 260
14571 	 14571 	 0
14570 	 14710 	 140
14596 	 14695 	 99
14695 	 14731 	 36
14731 	 14843 	 112
14599 	 14599 	 0
14599 	 14600 	 1
14600 	 14615 	 15
14615 	 14621 	 6
14600 	 14651 	 51
14651 	 14652 	 1
14652 	 14692 	 40
14692 	 14695 	 3
14695 	 14732 	 37
14732 	 14743 	 11
14743 	 14763 	 20
14600 	 14626 	 26
14600 	 14628 	 28
14601 	 14601 	 0
14603 	 14612 	 9
14604 	 14608 	 4
14608 	 14608 	 0
14605 	 14832 	 227
14832 	 14919 	 87
14605 	 14927 	 322
14605 	 14711 	 106
14711 	 14713 	 2
14605 	 14719 	 114
14719 	 14773 	 54
14606 	 14889 	 283
14607 	 14776 	 169
14607 	 14691 	 84
14607 	 14611 	 4
14610 	 14665 	 55
14665 	 14666 	 1
14666 	 14733 	 67
14733 	 14768 	 35
14768 	 14847 	 79
14587 	 14587 	 0
14587 	 14776 	 189
14591 	 14653 	 62
14592 	 14593 	 1
14592 	 14669 	 77
14594 	 14629 	 35
14593 	 14668 	 75
14595 	 14709 	 114
14595 	 14597 	 2
14623 	 14809 	 186
14623 	 14720 	 97
14622 	 14622 	 0
14622 	 14673 	 51
14622 	 14625 	 3
14626 	 14649 	 23
14626 	 14654 	 28
14654 	 14673 	 19
14673 	 14678 	 5
14678 	 14691 	 13
14691 	 14693 	 2
14693 	 14705 	 12
14705 	 14732 	 27
14732 	 14740 	 8
14626 	 14637 	 11
14623 	 14936 	 313
14624 	 14625 	 1
14625 	 14641 	 16
14641 	 14655 	 14
14655 	 14729 	 74
14625 	 14629 	 4
14629 	 14656 	 27
14656 	 14667 	 11
14667 	 14720 	 53
14627 	 14708 	 81
14708 	 14910 	 202
14628 	 14628 	 0
14627 	 14679 	 52
14626 	 14633 	 7
14626 	 14628 	 2
14628 	 14629 	 1
14627 	 14630 	 3
14629 	 14629 	 0
14629 	 14646 	 17
14629 	 14649 	 20
14628 	 14773 	 145
14613 	 14681 	 68
14681 	 14696 	 15
14613 	 14617 	 4
14616 	 14655 	 39
14615 	 14615 	 0
14615 	 14622 	 7
14616 	 14633 	 17
14616 	 14616 	 0
14619 	 14642 	 23
14619 	 14768 	 149
14618 	 14647 	 29
14618 	 14618 	 0
14620 	 14620 	 0
14952 	 14953 	 1
14950 	 14950 	 0
14950 	 14951 	 1
14947 	 14948 	 1
14945 	 14948 	 3
14945 	 14945 	 0
14942 	 14943 	 1
14943 	 14947 	 4
14947 	 14950 	 3
14950 	 14951 	 1
14951 	 14952 	 1
14952 	 14956 	 4
14930 	 14930 	 0
14928 	 14943 	 15
14928 	 14934 	 6
14934 	 14945 	 11
14927 	 14928 	 1
14915 	 14936 	 21
14914 	 14914 	 0
14917 	 14917 	 0
14916 	 14916 	 0
14906 	 14916 	 10
14916 	 14946 	 30
14903 	 14905 	 2
14905 	 14906 	 1
14896 	 14896 	 0
14898 	 14898 	 0
14902 	 14902 	 0
14902 	 14902 	 0
14902 	 14902 	 0
14902 	 14903 	 1
14903 	 14905 	 2
14905 	 14917 	 12
14917 	 14919 	 2
14919 	 14926 	 7
14926 	 14926 	 0
14926 	 14938 	 12
14887 	 14887 	 0
14888 	 14896 	 8
14894 	 14925 	 31
14896 	 14896 	 0
14882 	 14886 	 4
14886 	 14943 	 57
14881 	 14890 	 9
14890 	 14936 	 46
14875 	 14909 	 34
14875 	 14943 	 68
14878 	 14896 	 18
14877 	 14878 	 1
