13973 	 13987 	 14
13987 	 13995 	 8
13995 	 13997 	 2
13997 	 14012 	 15
14012 	 14062 	 50
14062 	 14127 	 65
13973 	 13983 	 10
13973 	 14081 	 108
13973 	 14054 	 81
13972 	 13986 	 14
13986 	 13986 	 0
13972 	 13995 	 23
13972 	 14015 	 43
13972 	 13999 	 27
13972 	 13999 	 27
13972 	 13978 	 6
13972 	 14001 	 29
14001 	 14012 	 11
14012 	 14028 	 16
14028 	 14166 	 138
13972 	 13972 	 0
13972 	 13995 	 23
13971 	 13990 	 19
13990 	 13992 	 2
13971 	 13986 	 15
13986 	 14066 	 80
13971 	 14035 	 64
14035 	 14040 	 5
13971 	 13988 	 17
13971 	 14166 	 195
13971 	 13998 	 27
13971 	 13971 	 0
13971 	 13971 	 0
13971 	 14021 	 50
13971 	 14061 	 90
13971 	 13986 	 15
13986 	 14020 	 34
14020 	 14021 	 1
14021 	 14021 	 0
14021 	 14022 	 1
14022 	 14022 	 0
14022 	 14029 	 7
14029 	 14029 	 0
14029 	 14029 	 0
14029 	 14029 	 0
14029 	 14029 	 0
14029 	 14032 	 3
14032 	 14032 	 0
14032 	 14032 	 0
14032 	 14034 	 2
14034 	 14035 	 1
14035 	 14035 	 0
14035 	 14040 	 5
14040 	 14040 	 0
14040 	 14042 	 2
13971 	 13980 	 9
13971 	 14032 	 61
14032 	 14032 	 0
13978 	 13980 	 2
13978 	 13983 	 5
13978 	 13978 	 0
13978 	 13978 	 0
13978 	 13978 	 0
13977 	 13979 	 2
13978 	 14069 	 91
13977 	 14138 	 161
13977 	 14020 	 43
14020 	 14047 	 27
13977 	 14071 	 94
13977 	 14172 	 195
14172 	 14179 	 7
14179 	 14180 	 1
13977 	 14013 	 36
13977 	 13978 	 1
13977 	 13978 	 1
13977 	 13984 	 7
13977 	 13977 	 0
13977 	 14004 	 27
14004 	 14004 	 0
13976 	 13998 	 22
13998 	 14024 	 26
13976 	 13987 	 11
13976 	 13986 	 10
13986 	 14012 	 26
13976 	 13999 	 23
13976 	 13982 	 6
13982 	 13983 	 1
13983 	 13984 	 1
13984 	 14011 	 27
13976 	 13998 	 22
13976 	 13980 	 4
13976 	 13986 	 10
13976 	 14088 	 112
13974 	 13976 	 2
13976 	 14005 	 29
13973 	 13973 	 0
13973 	 13983 	 10
13980 	 13994 	 14
13980 	 14008 	 28
13980 	 13986 	 6
13986 	 13990 	 4
13981 	 14007 	 26
13981 	 13983 	 2
13979 	 14011 	 32
13979 	 14166 	 187
13980 	 14013 	 33
13980 	 13993 	 13
13979 	 14016 	 37
13979 	 13993 	 14
13979 	 13983 	 4
13979 	 13989 	 10
13978 	 14119 	 141
13978 	 14078 	 100
13979 	 13985 	 6
13979 	 14011 	 32
14011 	 14047 	 36
14047 	 14078 	 31
13984 	 13984 	 0
13985 	 13985 	 0
13985 	 13990 	 5
13984 	 13992 	 8
13984 	 14011 	 27
13985 	 13988 	 3
13985 	 14009 	 24
13985 	 13993 	 8
13985 	 13985 	 0
13984 	 14064 	 80
13984 	 14067 	 83
14067 	 14067 	 0
14067 	 14067 	 0
13984 	 13984 	 0
13984 	 13985 	 1
13984 	 14140 	 156
13983 	 13983 	 0
13983 	 13983 	 0
13983 	 13997 	 14
13983 	 13992 	 9
13983 	 14146 	 163
13984 	 13984 	 0
13983 	 14032 	 49
13983 	 14054 	 71
13983 	 13997 	 14
13983 	 13984 	 1
13983 	 13983 	 0
13983 	 14140 	 157
13982 	 14046 	 64
13982 	 14019 	 37
13982 	 13986 	 4
13986 	 13987 	 1
13983 	 13985 	 2
13985 	 13986 	 1
13986 	 13990 	 4
13990 	 14010 	 20
13986 	 14024 	 38
14024 	 14036 	 12
14036 	 14041 	 5
14041 	 14055 	 14
14055 	 14056 	 1
14056 	 14057 	 1
14057 	 14062 	 5
14062 	 14065 	 3
14065 	 14068 	 3
14068 	 14104 	 36
14104 	 14137 	 33
13986 	 14014 	 28
13986 	 14190 	 204
13987 	 14075 	 88
13987 	 14222 	 235
14222 	 14240 	 18
13987 	 14035 	 48
13987 	 14164 	 177
14164 	 14164 	 0
14164 	 14164 	 0
14164 	 14164 	 0
13986 	 13986 	 0
13986 	 14004 	 18
13986 	 14125 	 139
13986 	 14041 	 55
13986 	 14004 	 18
13987 	 13991 	 4
13987 	 14028 	 41
13987 	 13987 	 0
13987 	 13990 	 3
13987 	 13987 	 0
13987 	 13999 	 12
13999 	 14004 	 5
14004 	 14035 	 31
14035 	 14036 	 1
14036 	 14042 	 6
13987 	 13990 	 3
13987 	 14074 	 87
13985 	 14200 	 215
13985 	 14211 	 226
14211 	 14232 	 21
14232 	 14232 	 0
13985 	 14046 	 61
13986 	 13990 	 4
13986 	 14194 	 208
13986 	 13986 	 0
13986 	 14061 	 75
13986 	 13986 	 0
13986 	 14012 	 26
13986 	 13986 	 0
13986 	 13986 	 0
13986 	 13986 	 0
13986 	 13990 	 4
13986 	 14034 	 48
13986 	 14001 	 15
13986 	 13989 	 3
13991 	 13994 	 3
13991 	 13997 	 6
13991 	 13992 	 1
13991 	 13998 	 7
13991 	 13991 	 0
13991 	 13991 	 0
13991 	 13993 	 2
13991 	 13991 	 0
13991 	 13991 	 0
13991 	 13992 	 1
13992 	 13992 	 0
13990 	 14001 	 11
14001 	 14008 	 7
14008 	 14008 	 0
14008 	 14008 	 0
14008 	 14011 	 3
13990 	 14092 	 102
13992 	 13992 	 0
13992 	 13992 	 0
13991 	 13994 	 3
13991 	 13996 	 5
13996 	 14005 	 9
13991 	 14012 	 21
13990 	 13993 	 3
13987 	 13987 	 0
13987 	 13992 	 5
13988 	 13992 	 4
13990 	 13991 	 1
13991 	 13991 	 0
13990 	 14001 	 11
13990 	 14012 	 22
13993 	 14041 	 48
14041 	 14062 	 21
14062 	 14112 	 50
13993 	 14104 	 111
13993 	 13993 	 0
13993 	 13999 	 6
13993 	 14011 	 18
13993 	 13994 	 1
13993 	 14027 	 34
14027 	 14077 	 50
13993 	 13994 	 1
13993 	 14096 	 103
13993 	 14092 	 99
13993 	 14014 	 21
13993 	 13999 	 6
13999 	 14008 	 9
14008 	 14020 	 12
13993 	 14078 	 85
13993 	 14000 	 7
13993 	 13998 	 5
13993 	 14134 	 141
13994 	 13994 	 0
13994 	 13994 	 0
13992 	 13994 	 2
13992 	 14111 	 119
13992 	 13992 	 0
13992 	 13992 	 0
13992 	 13993 	 1
13993 	 13999 	 6
13999 	 14004 	 5
13992 	 13994 	 2
13994 	 14008 	 14
13992 	 14015 	 23
13992 	 13997 	 5
13997 	 14028 	 31
13992 	 14065 	 73
14065 	 14076 	 11
14076 	 14133 	 57
13992 	 14021 	 29
13992 	 14021 	 29
13992 	 13999 	 7
13999 	 14013 	 14
13992 	 14015 	 23
14015 	 14022 	 7
13992 	 13997 	 5
13993 	 14011 	 18
13993 	 13993 	 0
13993 	 13993 	 0
13993 	 13993 	 0
13997 	 14020 	 23
13998 	 14049 	 51
14049 	 14106 	 57
14106 	 14195 	 89
13998 	 13998 	 0
13998 	 13998 	 0
13998 	 13998 	 0
13998 	 13998 	 0
13998 	 13998 	 0
13998 	 14008 	 10
13998 	 13998 	 0
13998 	 14176 	 178
13998 	 13998 	 0
13998 	 14139 	 141
13998 	 13999 	 1
13998 	 14169 	 171
13998 	 13998 	 0
13998 	 13998 	 0
13998 	 13998 	 0
13998 	 14008 	 10
13998 	 13998 	 0
13998 	 13998 	 0
13998 	 14075 	 77
13994 	 13998 	 4
13998 	 14000 	 2
14000 	 14006 	 6
14006 	 14014 	 8
13994 	 13995 	 1
13994 	 14143 	 149
14143 	 14146 	 3
13994 	 13998 	 4
13997 	 13997 	 0
13997 	 13997 	 0
13997 	 14000 	 3
14000 	 14012 	 12
13997 	 13997 	 0
13997 	 13997 	 0
13997 	 13998 	 1
13998 	 13998 	 0
13996 	 13996 	 0
13996 	 14000 	 4
13997 	 13997 	 0
13997 	 13998 	 1
13998 	 14007 	 9
14007 	 14027 	 20
13997 	 14016 	 19
14016 	 14020 	 4
14020 	 14022 	 2
14022 	 14028 	 6
13997 	 14013 	 16
13997 	 14026 	 29
14026 	 14074 	 48
14074 	 14110 	 36
14110 	 14129 	 19
14129 	 14138 	 9
13997 	 14188 	 191
13943 	 13970 	 27
13943 	 14026 	 83
13942 	 14209 	 267
13942 	 13984 	 42
13984 	 14224 	 240
13942 	 13942 	 0
13942 	 14005 	 63
14005 	 14020 	 15
13942 	 14018 	 76
13942 	 13942 	 0
13942 	 14175 	 233
14175 	 14175 	 0
13942 	 13966 	 24
13966 	 14051 	 85
13942 	 13944 	 2
13942 	 13970 	 28
13970 	 13990 	 20
13942 	 13942 	 0
13941 	 13948 	 7
13941 	 13944 	 3
13944 	 14032 	 88
14032 	 14046 	 14
13944 	 13955 	 11
13944 	 13945 	 1
13943 	 13943 	 0
13945 	 13952 	 7
13946 	 13948 	 2
13945 	 14147 	 202
13945 	 13987 	 42
13945 	 14012 	 67
13945 	 14057 	 112
13945 	 13992 	 47
13945 	 13962 	 17
13962 	 14074 	 112
13945 	 13948 	 3
13945 	 13986 	 41
13945 	 13945 	 0
13945 	 13949 	 4
13944 	 14201 	 257
13945 	 13948 	 3
13945 	 14034 	 89
13944 	 13949 	 5
13944 	 13944 	 0
13944 	 13944 	 0
13944 	 13947 	 3
13944 	 13944 	 0
13949 	 14201 	 252
13949 	 13949 	 0
13948 	 13964 	 16
13948 	 14019 	 71
14019 	 14062 	 43
14062 	 14133 	 71
14133 	 14148 	 15
13948 	 13965 	 17
13948 	 14034 	 86
14034 	 14034 	 0
13948 	 13983 	 35
13948 	 14036 	 88
14036 	 14036 	 0
13948 	 14056 	 108
14056 	 14089 	 33
13948 	 13949 	 1
13948 	 14060 	 112
13946 	 14028 	 82
13947 	 13973 	 26
13973 	 14015 	 42
13946 	 14056 	 110
13947 	 14001 	 54
13948 	 13948 	 0
13950 	 13952 	 2
13950 	 13950 	 0
13950 	 13973 	 23
13973 	 13978 	 5
13950 	 13969 	 19
13969 	 13973 	 4
13950 	 14005 	 55
14005 	 14027 	 22
13950 	 13969 	 19
13949 	 14063 	 114
13949 	 13966 	 17
13966 	 14027 	 61
13949 	 13950 	 1
13949 	 13951 	 2
13951 	 13951 	 0
13949 	 13986 	 37
13949 	 13956 	 7
13956 	 13956 	 0
13956 	 13958 	 2
13958 	 13965 	 7
13965 	 13993 	 28
13993 	 14022 	 29
14022 	 14054 	 32
13951 	 13991 	 40
13951 	 13985 	 34
13985 	 14042 	 57
14042 	 14162 	 120
14162 	 14210 	 48
13952 	 13977 	 25
13951 	 13980 	 29
13980 	 14031 	 51
13951 	 13951 	 0
13951 	 13952 	 1
13951 	 14153 	 202
14153 	 14180 	 27
13951 	 13957 	 6
13951 	 13962 	 11
13962 	 13971 	 9
13950 	 13965 	 15
13950 	 13987 	 37
13987 	 13998 	 11
13950 	 14040 	 90
13950 	 13966 	 16
13951 	 13972 	 21
13951 	 14103 	 152
13951 	 14126 	 175
13951 	 13951 	 0
13951 	 13951 	 0
13951 	 13956 	 5
13951 	 13982 	 31
13982 	 13982 	 0
13951 	 13954 	 3
13951 	 13980 	 29
13953 	 14173 	 220
13954 	 14208 	 254
14208 	 14209 	 1
14209 	 14211 	 2
13954 	 14056 	 102
14056 	 14112 	 56
14112 	 14168 	 56
14168 	 14177 	 9
13955 	 13991 	 36
13955 	 13962 	 7
13955 	 14186 	 231
13955 	 14020 	 65
13955 	 14130 	 175
14130 	 14180 	 50
13955 	 13956 	 1
13955 	 14009 	 54
14009 	 14116 	 107
13952 	 14196 	 244
13952 	 14092 	 140
13953 	 14049 	 96
13953 	 13963 	 10
13956 	 13957 	 1
13956 	 13981 	 25
13956 	 13964 	 8
13956 	 13964 	 8
13956 	 13981 	 25
13956 	 13991 	 35
13957 	 14148 	 191
13955 	 13973 	 18
13955 	 14186 	 231
13955 	 13962 	 7
13956 	 13977 	 21
13956 	 13956 	 0
13956 	 14006 	 50
13956 	 13992 	 36
13956 	 14099 	 143
14099 	 14099 	 0
13956 	 13971 	 15
13958 	 13973 	 15
13973 	 13982 	 9
13982 	 14008 	 26
14008 	 14013 	 5
13958 	 13962 	 4
13962 	 13966 	 4
13958 	 13963 	 5
13963 	 13987 	 24
13958 	 13959 	 1
13958 	 14177 	 219
14177 	 14229 	 52
13958 	 13983 	 25
13957 	 13957 	 0
13959 	 13963 	 4
13958 	 13961 	 3
13958 	 13977 	 19
13958 	 13963 	 5
13962 	 13962 	 0
13962 	 13962 	 0
13961 	 13990 	 29
13962 	 13962 	 0
13962 	 13962 	 0
13961 	 13994 	 33
13994 	 14083 	 89
13960 	 13963 	 3
13959 	 13964 	 5
13964 	 13980 	 16
13980 	 13992 	 12
13962 	 14141 	 179
13962 	 13969 	 7
13962 	 13962 	 0
13962 	 14046 	 84
13962 	 13991 	 29
13991 	 13999 	 8
13962 	 13964 	 2
13963 	 13964 	 1
13963 	 13965 	 2
13963 	 13963 	 0
13963 	 13964 	 1
13963 	 13963 	 0
13963 	 13982 	 19
13963 	 13969 	 6
13969 	 13970 	 1
13970 	 13971 	 1
13963 	 14195 	 232
13963 	 13973 	 10
13963 	 14024 	 61
13963 	 13972 	 9
13963 	 13963 	 0
13963 	 13964 	 1
13963 	 14190 	 227
13963 	 13987 	 24
13963 	 13963 	 0
13963 	 13963 	 0
13963 	 13994 	 31
13964 	 13978 	 14
13964 	 13998 	 34
13964 	 13965 	 1
13964 	 13964 	 0
13964 	 13991 	 27
13964 	 13965 	 1
13964 	 13992 	 28
13992 	 13998 	 6
13998 	 14000 	 2
13964 	 13964 	 0
13964 	 13964 	 0
13964 	 13964 	 0
13964 	 14041 	 77
13964 	 13964 	 0
13963 	 13986 	 23
13964 	 13964 	 0
13964 	 13965 	 1
13964 	 14051 	 87
13964 	 13969 	 5
13964 	 14189 	 225
13964 	 13976 	 12
13964 	 14180 	 216
13964 	 13970 	 6
13970 	 13999 	 29
13999 	 14005 	 6
14005 	 14005 	 0
14005 	 14082 	 77
14082 	 14090 	 8
14090 	 14141 	 51
13964 	 13964 	 0
13964 	 13966 	 2
13964 	 13969 	 5
13965 	 14211 	 246
13965 	 13965 	 0
13965 	 13966 	 1
13966 	 13970 	 4
13965 	 13983 	 18
13965 	 14061 	 96
13965 	 13965 	 0
13965 	 14006 	 41
14006 	 14026 	 20
13965 	 13979 	 14
13979 	 14007 	 28
13965 	 13965 	 0
13965 	 13965 	 0
13965 	 14006 	 41
13965 	 13966 	 1
13965 	 13971 	 6
13965 	 14215 	 250
13965 	 14132 	 167
13965 	 13966 	 1
13965 	 13969 	 4
13965 	 13965 	 0
13965 	 14117 	 152
13965 	 13970 	 5
13965 	 14041 	 76
14041 	 14046 	 5
14046 	 14096 	 50
14096 	 14099 	 3
13966 	 13966 	 0
13965 	 13966 	 1
13965 	 14013 	 48
14013 	 14015 	 2
14015 	 14018 	 3
14018 	 14040 	 22
14040 	 14069 	 29
14069 	 14160 	 91
13965 	 13966 	 1
13965 	 13967 	 2
13966 	 14057 	 91
13966 	 14029 	 63
14029 	 14034 	 5
13966 	 13979 	 13
13966 	 13966 	 0
13966 	 14181 	 215
13966 	 14013 	 47
13966 	 13988 	 22
13966 	 14028 	 62
13966 	 14082 	 116
14082 	 14113 	 31
13966 	 13970 	 4
13966 	 14146 	 180
13966 	 13985 	 19
13967 	 13969 	 2
13969 	 13972 	 3
13968 	 13983 	 15
13969 	 13970 	 1
13969 	 14043 	 74
13969 	 14012 	 43
13969 	 13987 	 18
13969 	 13970 	 1
13970 	 13972 	 2
13972 	 13973 	 1
13969 	 13980 	 11
13969 	 13999 	 30
13969 	 13984 	 15
13969 	 13970 	 1
13970 	 13979 	 9
13969 	 13970 	 1
13970 	 14004 	 34
13970 	 13970 	 0
13970 	 13994 	 24
13970 	 13970 	 0
13970 	 14019 	 49
14019 	 14047 	 28
14047 	 14062 	 15
14062 	 14152 	 90
13970 	 13970 	 0
13970 	 13991 	 21
13970 	 13978 	 8
13970 	 14162 	 192
13970 	 14105 	 135
13970 	 13984 	 14
13970 	 13971 	 1
13970 	 13976 	 6
13970 	 14075 	 105
13970 	 14020 	 50
14020 	 14160 	 140
13970 	 14035 	 65
13970 	 13973 	 3
13973 	 14000 	 27
14000 	 14001 	 1
13970 	 13999 	 29
13970 	 14057 	 87
13970 	 13990 	 20
13990 	 13993 	 3
13971 	 13986 	 15
13971 	 13971 	 0
13915 	 13916 	 1
13915 	 14008 	 93
13915 	 13936 	 21
13915 	 13992 	 77
13992 	 14019 	 27
13915 	 14007 	 92
13914 	 13991 	 77
13914 	 13948 	 34
13914 	 13934 	 20
13914 	 14015 	 101
13914 	 13951 	 37
13951 	 14064 	 113
13915 	 13969 	 54
13915 	 14041 	 126
14041 	 14218 	 177
14218 	 14227 	 9
13914 	 13916 	 2
13914 	 13972 	 58
13914 	 13998 	 84
13914 	 14067 	 153
13914 	 14062 	 148
14062 	 14144 	 82
13914 	 13950 	 36
13913 	 14033 	 120
14033 	 14069 	 36
14069 	 14076 	 7
13913 	 13949 	 36
13914 	 13951 	 37
13914 	 13915 	 1
13915 	 13945 	 30
13914 	 13914 	 0
13913 	 13914 	 1
13914 	 13962 	 48
13913 	 14200 	 287
13913 	 14026 	 113
13913 	 13915 	 2
13913 	 13913 	 0
13913 	 13913 	 0
13913 	 13913 	 0
13913 	 13936 	 23
13913 	 13913 	 0
13910 	 13924 	 14
13911 	 13911 	 0
13911 	 13911 	 0
13911 	 13913 	 2
13911 	 13923 	 12
13912 	 13912 	 0
13912 	 13923 	 11
13912 	 13912 	 0
13909 	 13959 	 50
13909 	 13913 	 4
13910 	 14092 	 182
13910 	 13910 	 0
13910 	 13910 	 0
13910 	 13912 	 2
13910 	 13912 	 2
13912 	 13944 	 32
13910 	 13910 	 0
13910 	 13926 	 16
13909 	 13909 	 0
13909 	 13927 	 18
13909 	 13930 	 21
13909 	 13937 	 28
13909 	 14233 	 324
13909 	 13934 	 25
13909 	 13927 	 18
13909 	 13971 	 62
13909 	 14007 	 98
13909 	 14015 	 106
13909 	 13998 	 89
13908 	 13983 	 75
13908 	 14061 	 153
13908 	 13908 	 0
13908 	 13908 	 0
13908 	 13908 	 0
13908 	 13908 	 0
13908 	 13951 	 43
13908 	 13908 	 0
13908 	 13910 	 2
13908 	 13913 	 5
13909 	 13985 	 76
13908 	 13929 	 21
13924 	 13976 	 52
13924 	 14001 	 77
13924 	 13942 	 18
13924 	 13986 	 62
13924 	 14049 	 125
14049 	 14075 	 26
13924 	 14040 	 116
13923 	 13945 	 22
13923 	 13928 	 5
13928 	 13937 	 9
13937 	 13944 	 7
13944 	 13948 	 4
13948 	 13964 	 16
13923 	 13957 	 34
13923 	 13943 	 20
13923 	 13928 	 5
13923 	 13929 	 6
13923 	 13984 	 61
13923 	 14018 	 95
13922 	 14007 	 85
14007 	 14022 	 15
14022 	 14036 	 14
14036 	 14058 	 22
13923 	 13923 	 0
13922 	 13922 	 0
13922 	 13957 	 35
13922 	 13922 	 0
13922 	 14189 	 267
13922 	 13930 	 8
13922 	 13987 	 65
13922 	 13948 	 26
13922 	 13980 	 58
13980 	 14005 	 25
14005 	 14006 	 1
14006 	 14025 	 19
14025 	 14036 	 11
14036 	 14040 	 4
14040 	 14042 	 2
14042 	 14047 	 5
14047 	 14188 	 141
13921 	 13979 	 58
13921 	 13921 	 0
13921 	 13948 	 27
13920 	 13925 	 5
13925 	 13942 	 17
13942 	 13994 	 52
13921 	 13935 	 14
13921 	 14008 	 87
13921 	 14007 	 86
14007 	 14239 	 232
14239 	 14239 	 0
13921 	 13935 	 14
13921 	 14083 	 162
14083 	 14120 	 37
13920 	 13980 	 60
13920 	 13920 	 0
13920 	 13973 	 53
13920 	 13922 	 2
13919 	 13965 	 46
13919 	 14088 	 169
13920 	 14074 	 154
13920 	 14166 	 246
13920 	 13979 	 59
13918 	 14011 	 93
13918 	 13918 	 0
13918 	 13918 	 0
13918 	 13918 	 0
13918 	 14124 	 206
13917 	 13921 	 4
13917 	 14064 	 147
14064 	 14064 	 0
13917 	 13967 	 50
13967 	 14141 	 174
14141 	 14162 	 21
13917 	 13924 	 7
13924 	 13970 	 46
13970 	 13970 	 0
13970 	 13971 	 1
13917 	 13943 	 26
13943 	 14053 	 110
13917 	 13917 	 0
13917 	 14043 	 126
13916 	 14022 	 106
14022 	 14049 	 27
14049 	 14071 	 22
14071 	 14122 	 51
13916 	 13943 	 27
13943 	 13963 	 20
13916 	 14040 	 124
13916 	 13917 	 1
13916 	 14050 	 134
13916 	 13934 	 18
13916 	 13924 	 8
13916 	 13998 	 82
13931 	 13931 	 0
13931 	 13934 	 3
13931 	 14120 	 189
13931 	 13931 	 0
13931 	 13973 	 42
13973 	 14062 	 89
13931 	 13944 	 13
13931 	 13979 	 48
13931 	 13931 	 0
13931 	 14217 	 286
13933 	 13983 	 50
13983 	 13983 	 0
13983 	 14063 	 80
14063 	 14083 	 20
13932 	 13966 	 34
13966 	 14133 	 167
14133 	 14180 	 47
13931 	 13970 	 39
13931 	 13958 	 27
13934 	 13956 	 22
13934 	 13959 	 25
13934 	 13987 	 53
13929 	 13997 	 68
13997 	 14081 	 84
13929 	 13930 	 1
13930 	 14041 	 111
13930 	 13941 	 11
13930 	 13938 	 8
13930 	 13959 	 29
13930 	 14008 	 78
13930 	 13930 	 0
13930 	 13976 	 46
13928 	 13949 	 21
13928 	 13929 	 1
13928 	 14064 	 136
13928 	 14225 	 297
13928 	 13998 	 70
13928 	 13934 	 6
13928 	 13928 	 0
13929 	 13929 	 0
13929 	 13929 	 0
13929 	 13929 	 0
13929 	 13966 	 37
13929 	 13966 	 37
13966 	 14047 	 81
13929 	 14159 	 230
13929 	 13937 	 8
13937 	 13980 	 43
13929 	 13948 	 19
13929 	 13930 	 1
13929 	 13934 	 5
13924 	 14005 	 81
13924 	 14183 	 259
13924 	 13952 	 28
13925 	 14008 	 83
13925 	 13948 	 23
13948 	 13951 	 3
13925 	 14166 	 241
13925 	 13928 	 3
13926 	 13929 	 3
13926 	 13926 	 0
13927 	 14061 	 134
13927 	 13951 	 24
13927 	 14077 	 150
13927 	 14122 	 195
13927 	 13980 	 53
13980 	 14063 	 83
13928 	 13987 	 59
13928 	 13970 	 42
13940 	 14006 	 66
13938 	 13942 	 4
13938 	 13996 	 58
13938 	 14019 	 81
13938 	 13938 	 0
13938 	 13951 	 13
13938 	 14080 	 142
14080 	 14147 	 67
13938 	 13943 	 5
13938 	 13945 	 7
13938 	 13941 	 3
13938 	 14000 	 62
13938 	 13966 	 28
13941 	 13973 	 32
13941 	 13957 	 16
13941 	 13990 	 49
13990 	 14019 	 29
13941 	 14005 	 64
14005 	 14027 	 22
14027 	 14040 	 13
13941 	 13991 	 50
13991 	 13992 	 1
13941 	 13945 	 4
13941 	 13948 	 7
13941 	 13941 	 0
13941 	 14061 	 120
14061 	 14062 	 1
14062 	 14062 	 0
14062 	 14063 	 1
14063 	 14067 	 4
14067 	 14081 	 14
13941 	 13950 	 9
13940 	 13942 	 2
13941 	 13977 	 36
13940 	 13944 	 4
13937 	 13938 	 1
13937 	 13943 	 6
13943 	 13963 	 20
13937 	 14146 	 209
14146 	 14148 	 2
13936 	 13937 	 1
13937 	 13937 	 0
13937 	 13937 	 0
13937 	 13937 	 0
13937 	 13937 	 0
13937 	 13937 	 0
13937 	 13937 	 0
13937 	 13943 	 6
13943 	 13945 	 2
13938 	 13943 	 5
13938 	 13973 	 35
13938 	 13942 	 4
13937 	 14035 	 98
13937 	 14022 	 85
13936 	 13941 	 5
13935 	 13957 	 22
13957 	 13978 	 21
13978 	 13979 	 1
13979 	 13986 	 7
13936 	 14229 	 293
13936 	 13936 	 0
13936 	 14021 	 85
13936 	 13945 	 9
13935 	 13935 	 0
13935 	 14222 	 287
13936 	 13936 	 0
13936 	 13936 	 0
13936 	 13942 	 6
13936 	 13936 	 0
13936 	 13936 	 0
13936 	 13966 	 30
13936 	 14209 	 273
13936 	 13970 	 34
13936 	 14141 	 205
13936 	 13936 	 0
13936 	 13936 	 0
13936 	 13936 	 0
13936 	 13966 	 30
13966 	 14133 	 167
13934 	 13984 	 50
13934 	 13947 	 13
13934 	 13944 	 10
13934 	 14041 	 107
13934 	 13942 	 8
13934 	 13970 	 36
13970 	 13973 	 3
13973 	 13986 	 13
13934 	 14152 	 218
13934 	 13936 	 2
13935 	 13969 	 34
13935 	 13977 	 42
13935 	 13935 	 0
13935 	 13935 	 0
13935 	 13989 	 54
13935 	 13936 	 1
13887 	 13887 	 0
13887 	 13888 	 1
13886 	 13937 	 51
13885 	 13924 	 39
13885 	 13912 	 27
13886 	 13912 	 26
13912 	 13937 	 25
13886 	 13886 	 0
13886 	 13892 	 6
13889 	 13889 	 0
13889 	 13889 	 0
13889 	 13889 	 0
13889 	 13889 	 0
13889 	 13910 	 21
13889 	 13915 	 26
13889 	 13915 	 26
13889 	 13964 	 75
13889 	 14078 	 189
14078 	 14175 	 97
13888 	 14199 	 311
13888 	 13899 	 11
13899 	 13908 	 9
13888 	 13888 	 0
13888 	 13888 	 0
13888 	 13901 	 13
13888 	 14152 	 264
13887 	 13916 	 29
13916 	 13929 	 13
13929 	 13934 	 5
13934 	 13944 	 10
13887 	 13889 	 2
13887 	 14029 	 142
13887 	 13980 	 93
13888 	 13932 	 44
13932 	 13941 	 9
13941 	 13945 	 4
13945 	 13952 	 7
13952 	 13985 	 33
13887 	 13918 	 31
13918 	 13918 	 0
13918 	 14039 	 121
13881 	 14060 	 179
13881 	 14188 	 307
13881 	 13881 	 0
13881 	 14077 	 196
13881 	 13881 	 0
13881 	 13955 	 74
13880 	 14189 	 309
13881 	 14015 	 134
13880 	 13902 	 22
13902 	 13917 	 15
13917 	 13921 	 4
13921 	 13932 	 11
13932 	 13943 	 11
13943 	 13986 	 43
13986 	 14046 	 60
13880 	 13895 	 15
13880 	 13949 	 69
13949 	 13980 	 31
13880 	 14130 	 250
13880 	 13896 	 16
13896 	 14026 	 130
14026 	 14079 	 53
13880 	 13909 	 29
13909 	 13960 	 51
13880 	 13917 	 37
13917 	 13922 	 5
13922 	 13922 	 0
13922 	 13952 	 30
13952 	 13959 	 7
13959 	 13965 	 6
13965 	 13984 	 19
13984 	 13992 	 8
13992 	 14011 	 19
14011 	 14035 	 24
14035 	 14035 	 0
14035 	 14055 	 20
14055 	 14056 	 1
14056 	 14056 	 0
14056 	 14056 	 0
14056 	 14058 	 2
14058 	 14060 	 2
14060 	 14082 	 22
14082 	 14091 	 9
14091 	 14093 	 2
14093 	 14094 	 1
14094 	 14095 	 1
14095 	 14097 	 2
14097 	 14107 	 10
14107 	 14122 	 15
14122 	 14126 	 4
14126 	 14134 	 8
14134 	 14139 	 5
14139 	 14149 	 10
14149 	 14151 	 2
14151 	 14163 	 12
14163 	 14204 	 41
13880 	 13880 	 0
13880 	 13880 	 0
13880 	 13880 	 0
13885 	 14229 	 344
13885 	 14139 	 254
13885 	 13895 	 10
13884 	 13889 	 5
13889 	 13908 	 19
13908 	 13909 	 1
13909 	 13922 	 13
13922 	 13937 	 15
13885 	 13885 	 0
13885 	 13885 	 0
13882 	 13889 	 7
13882 	 13904 	 22
13904 	 13906 	 2
13906 	 13916 	 10
13882 	 13916 	 34
13916 	 13986 	 70
13882 	 13922 	 40
13882 	 13882 	 0
13882 	 13882 	 0
13882 	 13882 	 0
13882 	 13882 	 0
13882 	 13882 	 0
13882 	 13886 	 4
13886 	 13908 	 22
13882 	 13885 	 3
13894 	 13983 	 89
13894 	 13916 	 22
13916 	 13971 	 55
13894 	 13899 	 5
13894 	 13959 	 65
13895 	 13958 	 63
13958 	 14140 	 182
13895 	 13895 	 0
13895 	 14104 	 209
13895 	 13903 	 8
13903 	 13920 	 17
13895 	 13928 	 33
13895 	 13949 	 54
13895 	 13900 	 5
13896 	 13994 	 98
13896 	 13913 	 17
13896 	 14060 	 164
13896 	 13900 	 4
13896 	 13942 	 46
13942 	 13986 	 44
13896 	 13916 	 20
13916 	 14025 	 109
13896 	 13922 	 26
13897 	 14118 	 221
13898 	 13902 	 4
13897 	 14064 	 167
14064 	 14067 	 3
13899 	 13907 	 8
13899 	 14012 	 113
13899 	 13965 	 66
13899 	 13902 	 3
13899 	 13899 	 0
13899 	 13951 	 52
13951 	 13952 	 1
13952 	 13963 	 11
13963 	 13969 	 6
13969 	 13970 	 1
13899 	 14152 	 253
13899 	 13900 	 1
13900 	 13900 	 0
13899 	 13900 	 1
13899 	 14021 	 122
13899 	 13977 	 78
13977 	 13979 	 2
13979 	 13983 	 4
13983 	 14041 	 58
13899 	 13907 	 8
13907 	 13964 	 57
13899 	 13963 	 64
13899 	 13993 	 94
13993 	 14040 	 47
13889 	 14029 	 140
14029 	 14076 	 47
13889 	 13963 	 74
13889 	 13907 	 18
13891 	 14018 	 127
13890 	 13943 	 53
13892 	 14135 	 243
13892 	 14180 	 288
13892 	 13892 	 0
13892 	 13892 	 0
13892 	 13892 	 0
13892 	 14186 	 294
13892 	 13892 	 0
13892 	 14204 	 312
13892 	 13949 	 57
13892 	 13899 	 7
13892 	 13892 	 0
13892 	 14019 	 127
13892 	 13895 	 3
13892 	 13908 	 16
13892 	 14027 	 135
14027 	 14091 	 64
14091 	 14103 	 12
13892 	 14105 	 213
13892 	 13910 	 18
13892 	 13896 	 4
13896 	 14181 	 285
13893 	 13895 	 2
13893 	 14229 	 336
13893 	 14098 	 205
13893 	 13893 	 0
13893 	 13893 	 0
13893 	 13900 	 7
13893 	 14050 	 157
13893 	 13895 	 2
13895 	 13957 	 62
13893 	 13910 	 17
13893 	 13895 	 2
13894 	 13894 	 0
13894 	 13894 	 0
13894 	 13964 	 70
13964 	 13983 	 19
13894 	 13898 	 4
13894 	 13895 	 1
13894 	 13894 	 0
13894 	 14111 	 217
13894 	 14055 	 161
13894 	 14080 	 186
14080 	 14151 	 71
14151 	 14216 	 65
13894 	 13894 	 0
13894 	 13921 	 27
13894 	 13922 	 28
13894 	 14027 	 133
13894 	 14002 	 108
13904 	 13954 	 50
13905 	 14005 	 100
14005 	 14013 	 8
13903 	 14098 	 195
13903 	 13972 	 69
13903 	 14146 	 243
13903 	 13966 	 63
13903 	 14030 	 127
13906 	 13906 	 0
13906 	 13941 	 35
13906 	 13907 	 1
13906 	 13934 	 28
13906 	 13907 	 1
13906 	 14022 	 116
14022 	 14081 	 59
14081 	 14097 	 16
14097 	 14114 	 17
13906 	 13924 	 18
13906 	 13952 	 46
13906 	 14017 	 111
13907 	 13984 	 77
13907 	 14162 	 255
13907 	 13936 	 29
13936 	 13956 	 20
13907 	 13972 	 65
13907 	 14076 	 169
13907 	 13949 	 42
13908 	 13979 	 71
13908 	 13979 	 71
13908 	 13908 	 0
13908 	 13908 	 0
13908 	 13910 	 2
13908 	 13913 	 5
13908 	 14023 	 115
13908 	 14077 	 169
13907 	 13912 	 5
13907 	 13969 	 62
13900 	 13983 	 83
13983 	 14020 	 37
14020 	 14056 	 36
14056 	 14096 	 40
14096 	 14096 	 0
14096 	 14099 	 3
14099 	 14110 	 11
14110 	 14214 	 104
14214 	 14223 	 9
13900 	 14085 	 185
13900 	 13900 	 0
13900 	 14091 	 191
13900 	 13900 	 0
13900 	 13973 	 73
13973 	 13977 	 4
13899 	 13972 	 73
13900 	 13901 	 1
13901 	 13987 	 86
13901 	 14112 	 211
13901 	 13903 	 2
13901 	 13910 	 9
13910 	 13911 	 1
13911 	 13912 	 1
13901 	 13901 	 0
13901 	 13901 	 0
13901 	 14117 	 216
13901 	 13901 	 0
13901 	 13945 	 44
13902 	 13949 	 47
13949 	 13994 	 45
13902 	 14112 	 210
14112 	 14122 	 10
13902 	 13906 	 4
13902 	 14186 	 284
13902 	 13923 	 21
13901 	 13915 	 14
13903 	 13962 	 59
13903 	 13905 	 2
13905 	 13958 	 53
13903 	 14124 	 221
13903 	 13910 	 7
13903 	 13906 	 3
13903 	 13949 	 46
13902 	 13934 	 32
13902 	 13992 	 90
13902 	 13914 	 12
13902 	 13902 	 0
14113 	 14176 	 63
14112 	 14112 	 0
14112 	 14123 	 11
14112 	 14117 	 5
14112 	 14232 	 120
14112 	 14139 	 27
14112 	 14152 	 40
14112 	 14154 	 42
14116 	 14231 	 115
14116 	 14218 	 102
14117 	 14118 	 1
14117 	 14117 	 0
14117 	 14120 	 3
14117 	 14172 	 55
14114 	 14141 	 27
14116 	 14116 	 0
14118 	 14203 	 85
14119 	 14124 	 5
14118 	 14126 	 8
14126 	 14126 	 0
14126 	 14132 	 6
14119 	 14119 	 0
14119 	 14126 	 7
14117 	 14138 	 21
14118 	 14119 	 1
14118 	 14118 	 0
14118 	 14183 	 65
14183 	 14205 	 22
14120 	 14149 	 29
14149 	 14166 	 17
14166 	 14169 	 3
14169 	 14174 	 5
14174 	 14174 	 0
14174 	 14180 	 6
14180 	 14187 	 7
14187 	 14190 	 3
14190 	 14208 	 18
14208 	 14224 	 16
14120 	 14131 	 11
14120 	 14211 	 91
14120 	 14120 	 0
14120 	 14126 	 6
14120 	 14161 	 41
14120 	 14123 	 3
14119 	 14151 	 32
14119 	 14119 	 0
14119 	 14123 	 4
14120 	 14123 	 3
14119 	 14230 	 111
14119 	 14224 	 105
14224 	 14230 	 6
14104 	 14127 	 23
14103 	 14105 	 2
14105 	 14105 	 0
14105 	 14105 	 0
14105 	 14106 	 1
14102 	 14203 	 101
14102 	 14109 	 7
14109 	 14144 	 35
14144 	 14169 	 25
14102 	 14104 	 2
14102 	 14187 	 85
14102 	 14160 	 58
14160 	 14160 	 0
14102 	 14184 	 82
14102 	 14104 	 2
14102 	 14145 	 43
14102 	 14166 	 64
14105 	 14127 	 22
14105 	 14139 	 34
14105 	 14187 	 82
14105 	 14105 	 0
14105 	 14105 	 0
14105 	 14105 	 0
14105 	 14105 	 0
14105 	 14105 	 0
14105 	 14105 	 0
14105 	 14113 	 8
14104 	 14104 	 0
14104 	 14104 	 0
14104 	 14105 	 1
14104 	 14207 	 103
14104 	 14112 	 8
14104 	 14124 	 20
14104 	 14209 	 105
14109 	 14172 	 63
14109 	 14190 	 81
14109 	 14223 	 114
14109 	 14109 	 0
14106 	 14141 	 35
14141 	 14189 	 48
14189 	 14228 	 39
14106 	 14110 	 4
14106 	 14229 	 123
14106 	 14111 	 5
14106 	 14210 	 104
14106 	 14120 	 14
14111 	 14111 	 0
14111 	 14131 	 20
14131 	 14144 	 13
14111 	 14127 	 16
14111 	 14208 	 97
14111 	 14111 	 0
14111 	 14203 	 92
14111 	 14165 	 54
14110 	 14153 	 43
14110 	 14116 	 6
14110 	 14111 	 1
14110 	 14113 	 3
14113 	 14119 	 6
14119 	 14126 	 7
14110 	 14113 	 3
14110 	 14177 	 67
14177 	 14181 	 4
14110 	 14190 	 80
14110 	 14123 	 13
14110 	 14113 	 3
14091 	 14091 	 0
14091 	 14091 	 0
14092 	 14096 	 4
14092 	 14094 	 2
14092 	 14092 	 0
14092 	 14092 	 0
14092 	 14119 	 27
14092 	 14169 	 77
14092 	 14195 	 103
14092 	 14092 	 0
14092 	 14161 	 69
14161 	 14162 	 1
14162 	 14162 	 0
14162 	 14172 	 10
14172 	 14228 	 56
14092 	 14124 	 32
14092 	 14112 	 20
14092 	 14190 	 98
14092 	 14216 	 124
14094 	 14097 	 3
14094 	 14094 	 0
14094 	 14103 	 9
14095 	 14096 	 1
14095 	 14125 	 30
14095 	 14193 	 98
14095 	 14205 	 110
14205 	 14222 	 17
14095 	 14110 	 15
14095 	 14140 	 45
14140 	 14189 	 49
14095 	 14095 	 0
14095 	 14139 	 44
14139 	 14173 	 34
14173 	 14230 	 57
14096 	 14207 	 111
14096 	 14096 	 0
14096 	 14131 	 35
14096 	 14145 	 49
14096 	 14230 	 134
14096 	 14162 	 66
14096 	 14098 	 2
14098 	 14098 	 0
14098 	 14102 	 4
14097 	 14127 	 30
14097 	 14097 	 0
14097 	 14097 	 0
14097 	 14105 	 8
14098 	 14114 	 16
14098 	 14167 	 69
14098 	 14190 	 92
14098 	 14132 	 34
14098 	 14104 	 6
14097 	 14118 	 21
14097 	 14097 	 0
14098 	 14111 	 13
14098 	 14098 	 0
14098 	 14098 	 0
14098 	 14098 	 0
14098 	 14098 	 0
14098 	 14098 	 0
14098 	 14098 	 0
14098 	 14098 	 0
14098 	 14098 	 0
14098 	 14144 	 46
14144 	 14160 	 16
14160 	 14189 	 29
14098 	 14098 	 0
14099 	 14099 	 0
14099 	 14099 	 0
14099 	 14105 	 6
14099 	 14099 	 0
14099 	 14099 	 0
14099 	 14099 	 0
14099 	 14101 	 2
14101 	 14101 	 0
14101 	 14130 	 29
14130 	 14131 	 1
14131 	 14131 	 0
14131 	 14134 	 3
14134 	 14147 	 13
14147 	 14190 	 43
14190 	 14227 	 37
14099 	 14099 	 0
14099 	 14099 	 0
14099 	 14131 	 32
14099 	 14099 	 0
14099 	 14099 	 0
14101 	 14189 	 88
14102 	 14102 	 0
14101 	 14145 	 44
14082 	 14094 	 12
14083 	 14084 	 1
14083 	 14183 	 100
14082 	 14082 	 0
14082 	 14082 	 0
14082 	 14127 	 45
14082 	 14092 	 10
14084 	 14091 	 7
14084 	 14084 	 0
14084 	 14084 	 0
14084 	 14084 	 0
14083 	 14152 	 69
14083 	 14084 	 1
14083 	 14134 	 51
14083 	 14092 	 9
14084 	 14084 	 0
14084 	 14084 	 0
14084 	 14084 	 0
14084 	 14111 	 27
14085 	 14128 	 43
14085 	 14105 	 20
14085 	 14200 	 115
14085 	 14098 	 13
14085 	 14104 	 19
14085 	 14130 	 45
14085 	 14153 	 68
14085 	 14102 	 17
14085 	 14103 	 18
14088 	 14089 	 1
14088 	 14147 	 59
14088 	 14190 	 102
14089 	 14089 	 0
14089 	 14179 	 90
14089 	 14090 	 1
14089 	 14119 	 30
14089 	 14090 	 1
14089 	 14098 	 9
14098 	 14104 	 6
14089 	 14126 	 37
14126 	 14127 	 1
14090 	 14090 	 0
14090 	 14090 	 0
14090 	 14090 	 0
14089 	 14154 	 65
14089 	 14242 	 153
14091 	 14203 	 112
14203 	 14229 	 26
14090 	 14096 	 6
14090 	 14116 	 26
14090 	 14105 	 15
14090 	 14090 	 0
14076 	 14110 	 34
14076 	 14141 	 65
14076 	 14171 	 95
14076 	 14189 	 113
14076 	 14199 	 123
14076 	 14089 	 13
14076 	 14097 	 21
14076 	 14076 	 0
14076 	 14077 	 1
14075 	 14075 	 0
14075 	 14228 	 153
14075 	 14149 	 74
14075 	 14156 	 81
14075 	 14075 	 0
14075 	 14075 	 0
14075 	 14120 	 45
14075 	 14106 	 31
14075 	 14077 	 2
14077 	 14077 	 0
14077 	 14193 	 116
14075 	 14112 	 37
14075 	 14117 	 42
14117 	 14206 	 89
14075 	 14162 	 87
14075 	 14211 	 136
14075 	 14075 	 0
14075 	 14075 	 0
14075 	 14096 	 21
14074 	 14105 	 31
14105 	 14198 	 93
14075 	 14075 	 0
14075 	 14075 	 0
14075 	 14075 	 0
14075 	 14075 	 0
14075 	 14075 	 0
14075 	 14075 	 0
14075 	 14075 	 0
14075 	 14075 	 0
14075 	 14075 	 0
14075 	 14075 	 0
14075 	 14075 	 0
14075 	 14075 	 0
14075 	 14075 	 0
14075 	 14075 	 0
14075 	 14075 	 0
14075 	 14075 	 0
14075 	 14075 	 0
14075 	 14075 	 0
14075 	 14075 	 0
14075 	 14075 	 0
14075 	 14075 	 0
14075 	 14075 	 0
14075 	 14075 	 0
14075 	 14075 	 0
14075 	 14075 	 0
14075 	 14075 	 0
14075 	 14075 	 0
14075 	 14075 	 0
14075 	 14075 	 0
14075 	 14075 	 0
14074 	 14203 	 129
14074 	 14075 	 1
14081 	 14228 	 147
14081 	 14089 	 8
14081 	 14173 	 92
14173 	 14189 	 16
14081 	 14138 	 57
14081 	 14147 	 66
14082 	 14196 	 114
14082 	 14082 	 0
14082 	 14138 	 56
14082 	 14140 	 58
14082 	 14082 	 0
14082 	 14090 	 8
14078 	 14078 	 0
14079 	 14191 	 112
14079 	 14079 	 0
14081 	 14202 	 121
14077 	 14154 	 77
14077 	 14132 	 55
14077 	 14110 	 33
14077 	 14078 	 1
14077 	 14083 	 6
14078 	 14082 	 4
14078 	 14080 	 2
14078 	 14078 	 0
14078 	 14078 	 0
14078 	 14115 	 37
14115 	 14226 	 111
14078 	 14152 	 74
14076 	 14077 	 1
14076 	 14156 	 80
14077 	 14083 	 6
14077 	 14082 	 5
14077 	 14211 	 134
14077 	 14102 	 25
14077 	 14084 	 7
14069 	 14092 	 23
14092 	 14097 	 5
14069 	 14069 	 0
14069 	 14134 	 65
14069 	 14088 	 19
14068 	 14105 	 37
14068 	 14069 	 1
14068 	 14068 	 0
14068 	 14079 	 11
14079 	 14101 	 22
14101 	 14107 	 6
14107 	 14118 	 11
14118 	 14137 	 19
14137 	 14138 	 1
14138 	 14154 	 16
14154 	 14160 	 6
14160 	 14197 	 37
14197 	 14214 	 17
14068 	 14084 	 16
14068 	 14074 	 6
14068 	 14074 	 6
14068 	 14075 	 7
14068 	 14068 	 0
14068 	 14081 	 13
14068 	 14069 	 1
14068 	 14075 	 7
14068 	 14069 	 1
14067 	 14085 	 18
14067 	 14076 	 9
14066 	 14158 	 92
14065 	 14183 	 118
14064 	 14189 	 125
14064 	 14118 	 54
14118 	 14175 	 57
14064 	 14162 	 98
14064 	 14068 	 4
14068 	 14082 	 14
14082 	 14147 	 65
14147 	 14216 	 69
14073 	 14173 	 100
14074 	 14221 	 147
14074 	 14207 	 133
14072 	 14138 	 66
14073 	 14124 	 51
14071 	 14075 	 4
14075 	 14077 	 2
14077 	 14112 	 35
14071 	 14071 	 0
14071 	 14131 	 60
14131 	 14199 	 68
14070 	 14075 	 5
14070 	 14070 	 0
14070 	 14070 	 0
14071 	 14071 	 0
14071 	 14071 	 0
14071 	 14071 	 0
14071 	 14071 	 0
14070 	 14070 	 0
14070 	 14075 	 5
14075 	 14203 	 128
14203 	 14206 	 3
14206 	 14206 	 0
14206 	 14206 	 0
14206 	 14206 	 0
14206 	 14206 	 0
14070 	 14075 	 5
14070 	 14184 	 114
14070 	 14216 	 146
14070 	 14127 	 57
14070 	 14101 	 31
14070 	 14139 	 69
14070 	 14173 	 103
14070 	 14074 	 4
14070 	 14077 	 7
14077 	 14183 	 106
14070 	 14077 	 7
14070 	 14173 	 103
14070 	 14151 	 81
14069 	 14084 	 15
14070 	 14070 	 0
14070 	 14197 	 127
14058 	 14084 	 26
14057 	 14069 	 12
14069 	 14079 	 10
14058 	 14064 	 6
14064 	 14171 	 107
14060 	 14138 	 78
14138 	 14147 	 9
14147 	 14147 	 0
14147 	 14180 	 33
14060 	 14138 	 78
14060 	 14062 	 2
14060 	 14060 	 0
14060 	 14061 	 1
14060 	 14076 	 16
14060 	 14068 	 8
14068 	 14072 	 4
14072 	 14138 	 66
14060 	 14177 	 117
14061 	 14069 	 8
14069 	 14127 	 58
14056 	 14152 	 96
14056 	 14118 	 62
14056 	 14076 	 20
14056 	 14056 	 0
14057 	 14108 	 51
14056 	 14138 	 82
14056 	 14063 	 7
14063 	 14118 	 55
14056 	 14056 	 0
14056 	 14061 	 5
14056 	 14110 	 54
14057 	 14057 	 0
14057 	 14068 	 11
14068 	 14180 	 112
14057 	 14088 	 31
14057 	 14105 	 48
14105 	 14119 	 14
14119 	 14218 	 99
14057 	 14205 	 148
14057 	 14060 	 3
14057 	 14063 	 6
14057 	 14165 	 108
14057 	 14089 	 32
14057 	 14082 	 25
14057 	 14081 	 24
14057 	 14223 	 166
14063 	 14063 	 0
14063 	 14112 	 49
14063 	 14069 	 6
14063 	 14083 	 20
14063 	 14112 	 49
14063 	 14078 	 15
14063 	 14063 	 0
14063 	 14109 	 46
14063 	 14063 	 0
14063 	 14233 	 170
14063 	 14063 	 0
14063 	 14063 	 0
14063 	 14063 	 0
14063 	 14063 	 0
14063 	 14075 	 12
14075 	 14139 	 64
14064 	 14117 	 53
14064 	 14160 	 96
14064 	 14089 	 25
14089 	 14094 	 5
14064 	 14081 	 17
14064 	 14077 	 13
14077 	 14082 	 5
14061 	 14063 	 2
14061 	 14159 	 98
14061 	 14150 	 89
14150 	 14180 	 30
14180 	 14184 	 4
14184 	 14184 	 0
14184 	 14185 	 1
14062 	 14188 	 126
14062 	 14117 	 55
14062 	 14066 	 4
14062 	 14090 	 28
14062 	 14063 	 1
14062 	 14134 	 72
14062 	 14062 	 0
14062 	 14076 	 14
14076 	 14081 	 5
14062 	 14138 	 76
14062 	 14099 	 37
14099 	 14175 	 76
14062 	 14064 	 2
14062 	 14064 	 2
14062 	 14190 	 128
14062 	 14078 	 16
14050 	 14057 	 7
14050 	 14138 	 88
14050 	 14067 	 17
14050 	 14050 	 0
14050 	 14060 	 10
14060 	 14090 	 30
14090 	 14112 	 22
14112 	 14112 	 0
14112 	 14197 	 85
14197 	 14223 	 26
14050 	 14055 	 5
14055 	 14056 	 1
14056 	 14081 	 25
14050 	 14050 	 0
14050 	 14050 	 0
14050 	 14050 	 0
14050 	 14050 	 0
14050 	 14050 	 0
14050 	 14050 	 0
14050 	 14117 	 67
14053 	 14144 	 91
14052 	 14078 	 26
14051 	 14061 	 10
14050 	 14071 	 21
14050 	 14151 	 101
14050 	 14061 	 11
14048 	 14092 	 44
14048 	 14112 	 64
14112 	 14117 	 5
14048 	 14065 	 17
14048 	 14068 	 20
14068 	 14155 	 87
14155 	 14180 	 25
14180 	 14221 	 41
14048 	 14050 	 2
14050 	 14053 	 3
14053 	 14088 	 35
14048 	 14090 	 42
14048 	 14089 	 41
14048 	 14193 	 145
14048 	 14089 	 41
14089 	 14091 	 2
14048 	 14055 	 7
14055 	 14064 	 9
14048 	 14048 	 0
14048 	 14048 	 0
14048 	 14048 	 0
14048 	 14048 	 0
14049 	 14078 	 29
14049 	 14186 	 137
14048 	 14138 	 90
14048 	 14159 	 111
14055 	 14126 	 71
14055 	 14066 	 11
14054 	 14096 	 42
14096 	 14123 	 27
14054 	 14083 	 29
14055 	 14070 	 15
14055 	 14055 	 0
14055 	 14056 	 1
14056 	 14056 	 0
14055 	 14062 	 7
14056 	 14056 	 0
14056 	 14201 	 145
14056 	 14056 	 0
14056 	 14089 	 33
14056 	 14147 	 91
14055 	 14055 	 0
14055 	 14057 	 2
14055 	 14071 	 16
14071 	 14128 	 57
14055 	 14173 	 118
14056 	 14157 	 101
14053 	 14086 	 33
14086 	 14172 	 86
14172 	 14180 	 8
14054 	 14056 	 2
14053 	 14061 	 8
14061 	 14105 	 44
14053 	 14064 	 11
14053 	 14053 	 0
14053 	 14158 	 105
14054 	 14194 	 140
14054 	 14095 	 41
14046 	 14196 	 150
14196 	 14202 	 6
14046 	 14050 	 4
14046 	 14104 	 58
14045 	 14048 	 3
14045 	 14069 	 24
14069 	 14190 	 121
14190 	 14231 	 41
14045 	 14045 	 0
14045 	 14083 	 38
14046 	 14067 	 21
14044 	 14057 	 13
14057 	 14105 	 48
14044 	 14209 	 165
14045 	 14089 	 44
14045 	 14071 	 26
14071 	 14186 	 115
14186 	 14196 	 10
14044 	 14081 	 37
14081 	 14084 	 3
14044 	 14044 	 0
14043 	 14049 	 6
14043 	 14061 	 18
14061 	 14136 	 75
14136 	 14138 	 2
14044 	 14217 	 173
14043 	 14056 	 13
14047 	 14137 	 90
14047 	 14068 	 21
14047 	 14202 	 155
14047 	 14047 	 0
14047 	 14056 	 9
14056 	 14076 	 20
14076 	 14082 	 6
14082 	 14082 	 0
14047 	 14070 	 23
14046 	 14046 	 0
14046 	 14055 	 9
14046 	 14046 	 0
14046 	 14090 	 44
14046 	 14046 	 0
14046 	 14049 	 3
14046 	 14070 	 24
14046 	 14083 	 37
14083 	 14112 	 29
14112 	 14218 	 106
14041 	 14126 	 85
14041 	 14066 	 25
14066 	 14066 	 0
14066 	 14209 	 143
14041 	 14049 	 8
14049 	 14062 	 13
14042 	 14047 	 5
14042 	 14069 	 27
14042 	 14043 	 1
14041 	 14137 	 96
14041 	 14051 	 10
14051 	 14072 	 21
14072 	 14076 	 4
14076 	 14098 	 22
14098 	 14190 	 92
14190 	 14205 	 15
14041 	 14074 	 33
14041 	 14091 	 50
14041 	 14041 	 0
14041 	 14088 	 47
14041 	 14041 	 0
14041 	 14047 	 6
14043 	 14043 	 0
14043 	 14046 	 3
14042 	 14182 	 140
14042 	 14090 	 48
14042 	 14050 	 8
14042 	 14112 	 70
14042 	 14048 	 6
14042 	 14180 	 138
14042 	 14042 	 0
14042 	 14042 	 0
14042 	 14042 	 0
14042 	 14042 	 0
14042 	 14042 	 0
14042 	 14042 	 0
14042 	 14042 	 0
14042 	 14042 	 0
14042 	 14042 	 0
14042 	 14067 	 25
14042 	 14224 	 182
14042 	 14057 	 15
14039 	 14039 	 0
14039 	 14097 	 58
14097 	 14194 	 97
14039 	 14039 	 0
14039 	 14057 	 18
14039 	 14090 	 51
14036 	 14056 	 20
14056 	 14067 	 11
14067 	 14077 	 10
14036 	 14039 	 3
14036 	 14036 	 0
14036 	 14046 	 10
14036 	 14036 	 0
14037 	 14085 	 48
14037 	 14037 	 0
14037 	 14037 	 0
14040 	 14067 	 27
14067 	 14124 	 57
14040 	 14063 	 23
14063 	 14098 	 35
14098 	 14098 	 0
14098 	 14125 	 27
14125 	 14125 	 0
14125 	 14138 	 13
14138 	 14151 	 13
14151 	 14160 	 9
14160 	 14174 	 14
14174 	 14176 	 2
14176 	 14195 	 19
14195 	 14211 	 16
14040 	 14062 	 22
14040 	 14049 	 9
14040 	 14044 	 4
14040 	 14055 	 15
14055 	 14060 	 5
14060 	 14074 	 14
14074 	 14075 	 1
14075 	 14076 	 1
14076 	 14176 	 100
14040 	 14147 	 107
14040 	 14089 	 49
14040 	 14041 	 1
14040 	 14040 	 0
14039 	 14039 	 0
14039 	 14193 	 154
14039 	 14139 	 100
14040 	 14040 	 0
14040 	 14040 	 0
14040 	 14042 	 2
14040 	 14089 	 49
14040 	 14053 	 13
14053 	 14137 	 84
14137 	 14140 	 3
14140 	 14158 	 18
14158 	 14196 	 38
14034 	 14224 	 190
14034 	 14034 	 0
14034 	 14036 	 2
14035 	 14035 	 0
14035 	 14035 	 0
14035 	 14035 	 0
14035 	 14035 	 0
14034 	 14203 	 169
14034 	 14034 	 0
14034 	 14040 	 6
14034 	 14062 	 28
14034 	 14041 	 7
14034 	 14040 	 6
14035 	 14147 	 112
14147 	 14158 	 11
14035 	 14035 	 0
14036 	 14096 	 60
14036 	 14211 	 175
14035 	 14055 	 20
14035 	 14035 	 0
14035 	 14061 	 26
14035 	 14138 	 103
14035 	 14187 	 152
14035 	 14105 	 70
14032 	 14036 	 4
14032 	 14130 	 98
14032 	 14082 	 50
14032 	 14034 	 2
14032 	 14032 	 0
14031 	 14033 	 2
14033 	 14109 	 76
14031 	 14035 	 4
14033 	 14043 	 10
14043 	 14046 	 3
14033 	 14164 	 131
14032 	 14035 	 3
14035 	 14104 	 69
14032 	 14033 	 1
14032 	 14032 	 0
14032 	 14111 	 79
14032 	 14032 	 0
14032 	 14180 	 148
14033 	 14169 	 136
14033 	 14033 	 0
14033 	 14060 	 27
14033 	 14151 	 118
14033 	 14040 	 7
14033 	 14043 	 10
14033 	 14033 	 0
14033 	 14033 	 0
14033 	 14033 	 0
14033 	 14033 	 0
14033 	 14055 	 22
14033 	 14044 	 11
14033 	 14034 	 1
14033 	 14075 	 42
14034 	 14042 	 8
14033 	 14078 	 45
14078 	 14147 	 69
14033 	 14046 	 13
14046 	 14130 	 84
14033 	 14209 	 176
14033 	 14190 	 157
14028 	 14048 	 20
14048 	 14063 	 15
14063 	 14080 	 17
14028 	 14056 	 28
14028 	 14054 	 26
14028 	 14053 	 25
14053 	 14158 	 105
14028 	 14028 	 0
14028 	 14179 	 151
14028 	 14028 	 0
14028 	 14052 	 24
14028 	 14032 	 4
14028 	 14074 	 46
14028 	 14029 	 1
14028 	 14088 	 60
14088 	 14103 	 15
14103 	 14188 	 85
14028 	 14033 	 5
14028 	 14036 	 8
14028 	 14102 	 74
14029 	 14035 	 6
14029 	 14151 	 122
14029 	 14090 	 61
14029 	 14075 	 46
14029 	 14152 	 123
14029 	 14055 	 26
14029 	 14061 	 32
14029 	 14046 	 17
14029 	 14029 	 0
14029 	 14181 	 152
14029 	 14034 	 5
14030 	 14032 	 2
14032 	 14033 	 1
14030 	 14030 	 0
14030 	 14034 	 4
14030 	 14032 	 2
14032 	 14040 	 8
14040 	 14130 	 90
14130 	 14147 	 17
14029 	 14029 	 0
14029 	 14035 	 6
14029 	 14031 	 2
14031 	 14034 	 3
14034 	 14147 	 113
14147 	 14211 	 64
14029 	 14029 	 0
14029 	 14061 	 32
14061 	 14147 	 86
14147 	 14147 	 0
14147 	 14147 	 0
14147 	 14147 	 0
14147 	 14152 	 5
14152 	 14175 	 23
14029 	 14185 	 156
14025 	 14222 	 197
14025 	 14026 	 1
14026 	 14074 	 48
14025 	 14141 	 116
14141 	 14147 	 6
14147 	 14168 	 21
14026 	 14223 	 197
14026 	 14208 	 182
14208 	 14208 	 0
14026 	 14029 	 3
14026 	 14027 	 1
14026 	 14064 	 38
14064 	 14064 	 0
14064 	 14193 	 129
14026 	 14044 	 18
14026 	 14040 	 14
14026 	 14180 	 154
14180 	 14222 	 42
14027 	 14075 	 48
14027 	 14060 	 33
14026 	 14026 	 0
14026 	 14026 	 0
14026 	 14026 	 0
14026 	 14033 	 7
14027 	 14144 	 117
14144 	 14145 	 1
14027 	 14027 	 0
14027 	 14039 	 12
14027 	 14172 	 145
14027 	 14119 	 92
14027 	 14062 	 35
14027 	 14028 	 1
14027 	 14028 	 1
14027 	 14070 	 43
14070 	 14203 	 133
14027 	 14081 	 54
14027 	 14082 	 55
14027 	 14090 	 63
14027 	 14028 	 1
14027 	 14047 	 20
14021 	 14134 	 113
14021 	 14023 	 2
14021 	 14084 	 63
14021 	 14022 	 1
14022 	 14028 	 6
14021 	 14027 	 6
14022 	 14022 	 0
14022 	 14023 	 1
14022 	 14060 	 38
14022 	 14088 	 66
14088 	 14088 	 0
14022 	 14146 	 124
14022 	 14078 	 56
14022 	 14067 	 45
14022 	 14039 	 17
14023 	 14064 	 41
14024 	 14083 	 59
14025 	 14050 	 25
14025 	 14158 	 133
14025 	 14044 	 19
14044 	 14183 	 139
14025 	 14026 	 1
14025 	 14026 	 1
14025 	 14076 	 51
14025 	 14025 	 0
14021 	 14029 	 8
14021 	 14021 	 0
14021 	 14082 	 61
14021 	 14058 	 37
14058 	 14076 	 18
14021 	 14075 	 54
14075 	 14194 	 119
14021 	 14048 	 27
14021 	 14125 	 104
14020 	 14085 	 65
14020 	 14020 	 0
14020 	 14020 	 0
14020 	 14129 	 109
14020 	 14026 	 6
14026 	 14048 	 22
14020 	 14063 	 43
14020 	 14071 	 51
14071 	 14073 	 2
14073 	 14160 	 87
14160 	 14188 	 28
14020 	 14033 	 13
14033 	 14050 	 17
14020 	 14026 	 6
14020 	 14025 	 5
14020 	 14041 	 21
14020 	 14020 	 0
14020 	 14075 	 55
14019 	 14019 	 0
14019 	 14031 	 12
14019 	 14020 	 1
14019 	 14022 	 3
14019 	 14048 	 29
14019 	 14195 	 176
14018 	 14020 	 2
14018 	 14021 	 3
14021 	 14043 	 22
14043 	 14082 	 39
14018 	 14021 	 3
14018 	 14018 	 0
14018 	 14019 	 1
14018 	 14020 	 2
14020 	 14020 	 0
14020 	 14027 	 7
14018 	 14021 	 3
14021 	 14023 	 2
14018 	 14018 	 0
14018 	 14064 	 46
14018 	 14018 	 0
14018 	 14026 	 8
14018 	 14042 	 24
14018 	 14019 	 1
14018 	 14019 	 1
14019 	 14020 	 1
14020 	 14022 	 2
14018 	 14018 	 0
14017 	 14018 	 1
14017 	 14042 	 25
14016 	 14018 	 2
14016 	 14041 	 25
14016 	 14020 	 4
14020 	 14049 	 29
14049 	 14056 	 7
14056 	 14065 	 9
14065 	 14067 	 2
14067 	 14067 	 0
14067 	 14070 	 3
14015 	 14076 	 61
14016 	 14033 	 17
14015 	 14232 	 217
14232 	 14236 	 4
14015 	 14149 	 134
14015 	 14018 	 3
14015 	 14214 	 199
14015 	 14019 	 4
14015 	 14040 	 25
14015 	 14018 	 3
14015 	 14055 	 40
14015 	 14027 	 12
14015 	 14030 	 15
14030 	 14071 	 41
14015 	 14019 	 4
14019 	 14027 	 8
14027 	 14028 	 1
14028 	 14035 	 7
14015 	 14203 	 188
14203 	 14216 	 13
14014 	 14027 	 13
14014 	 14019 	 5
14014 	 14099 	 85
14014 	 14029 	 15
14029 	 14147 	 118
14014 	 14015 	 1
14015 	 14018 	 3
14018 	 14019 	 1
14019 	 14022 	 3
14022 	 14022 	 0
14022 	 14028 	 6
14028 	 14029 	 1
14029 	 14033 	 4
14014 	 14017 	 3
14014 	 14014 	 0
14014 	 14017 	 3
14013 	 14019 	 6
14013 	 14151 	 138
14014 	 14063 	 49
14014 	 14021 	 7
14013 	 14036 	 23
14013 	 14021 	 8
14021 	 14063 	 42
14063 	 14118 	 55
14013 	 14222 	 209
14013 	 14014 	 1
14013 	 14020 	 7
14020 	 14020 	 0
14013 	 14013 	 0
14013 	 14022 	 9
14012 	 14013 	 1
14013 	 14013 	 0
14013 	 14013 	 0
14013 	 14014 	 1
14014 	 14015 	 1
14015 	 14015 	 0
14015 	 14018 	 3
14018 	 14018 	 0
14012 	 14099 	 87
14012 	 14013 	 1
14012 	 14140 	 128
14013 	 14022 	 9
14022 	 14035 	 13
14013 	 14033 	 20
14013 	 14013 	 0
14013 	 14013 	 0
14013 	 14018 	 5
14018 	 14019 	 1
14012 	 14033 	 21
14012 	 14015 	 3
14015 	 14070 	 55
14070 	 14147 	 77
14012 	 14223 	 211
14012 	 14026 	 14
14012 	 14090 	 78
14012 	 14014 	 2
14012 	 14026 	 14
14012 	 14021 	 9
14012 	 14090 	 78
14090 	 14113 	 23
14012 	 14035 	 23
14035 	 14102 	 67
14011 	 14020 	 9
14011 	 14046 	 35
14046 	 14147 	 101
14147 	 14147 	 0
14147 	 14147 	 0
14011 	 14028 	 17
14011 	 14032 	 21
14011 	 14048 	 37
14011 	 14045 	 34
14011 	 14104 	 93
14011 	 14027 	 16
14011 	 14018 	 7
14010 	 14015 	 5
14011 	 14011 	 0
14011 	 14022 	 11
14011 	 14012 	 1
14008 	 14012 	 4
14008 	 14008 	 0
14008 	 14008 	 0
14008 	 14179 	 171
14008 	 14008 	 0
14008 	 14012 	 4
14008 	 14099 	 91
14007 	 14015 	 8
14007 	 14013 	 6
14007 	 14019 	 12
14007 	 14011 	 4
14008 	 14008 	 0
14008 	 14013 	 5
14008 	 14035 	 27
14008 	 14013 	 5
14013 	 14013 	 0
14006 	 14013 	 7
14006 	 14021 	 15
14007 	 14090 	 83
14006 	 14014 	 8
14007 	 14029 	 22
14007 	 14022 	 15
14007 	 14012 	 5
14012 	 14012 	 0
14007 	 14007 	 0
14007 	 14228 	 221
14007 	 14166 	 159
14166 	 14171 	 5
14005 	 14005 	 0
14005 	 14005 	 0
14005 	 14005 	 0
14005 	 14005 	 0
14005 	 14005 	 0
14006 	 14019 	 13
14006 	 14006 	 0
14006 	 14071 	 65
14006 	 14032 	 26
14006 	 14007 	 1
14007 	 14025 	 18
14005 	 14005 	 0
14005 	 14006 	 1
14005 	 14012 	 7
14012 	 14109 	 97
14109 	 14130 	 21
14005 	 14005 	 0
14005 	 14013 	 8
14005 	 14008 	 3
14005 	 14195 	 190
14195 	 14201 	 6
14005 	 14011 	 6
14005 	 14053 	 48
14005 	 14217 	 212
14004 	 14015 	 11
14004 	 14133 	 129
14004 	 14063 	 59
14004 	 14004 	 0
14004 	 14014 	 10
14014 	 14042 	 28
14004 	 14004 	 0
14004 	 14025 	 21
14004 	 14043 	 39
14043 	 14054 	 11
14004 	 14014 	 10
14004 	 14007 	 3
14004 	 14117 	 113
14005 	 14013 	 8
14013 	 14080 	 67
14005 	 14179 	 174
14005 	 14028 	 23
14028 	 14217 	 189
14005 	 14041 	 36
14005 	 14006 	 1
14005 	 14005 	 0
14005 	 14054 	 49
14001 	 14001 	 0
14001 	 14041 	 40
14001 	 14002 	 1
14002 	 14009 	 7
14009 	 14012 	 3
14012 	 14012 	 0
14001 	 14014 	 13
14001 	 14006 	 5
14001 	 14008 	 7
14002 	 14005 	 3
14002 	 14022 	 20
14022 	 14070 	 48
14070 	 14172 	 102
14172 	 14209 	 37
14003 	 14006 	 3
14003 	 14004 	 1
14004 	 14004 	 0
14003 	 14008 	 5
13999 	 13999 	 0
13999 	 14004 	 5
13999 	 14041 	 42
13999 	 14236 	 237
13999 	 14028 	 29
13999 	 14001 	 2
13999 	 14008 	 9
13999 	 14031 	 32
14031 	 14124 	 93
13999 	 14020 	 21
14000 	 14001 	 1
14000 	 14137 	 137
14000 	 14165 	 165
14000 	 14159 	 159
14000 	 14014 	 14
14000 	 14088 	 88
14088 	 14146 	 58
14000 	 14012 	 12
14000 	 14056 	 56
14056 	 14063 	 7
14063 	 14081 	 18
14081 	 14097 	 16
13998 	 14152 	 154
13998 	 14004 	 6
13998 	 13998 	 0
13998 	 14026 	 28
14026 	 14040 	 14
13998 	 14208 	 210
13998 	 13998 	 0
13998 	 13998 	 0
13998 	 14001 	 3
13998 	 13999 	 1
13998 	 14030 	 32
13999 	 14040 	 41
13999 	 13999 	 0
13999 	 14056 	 57
14056 	 14197 	 141
13999 	 14001 	 2
13999 	 14111 	 112
13999 	 14158 	 159
14223 	 14232 	 9
14222 	 14223 	 1
14223 	 14227 	 4
14222 	 14230 	 8
14230 	 14230 	 0
14222 	 14222 	 0
14222 	 14222 	 0
14224 	 14229 	 5
14223 	 14225 	 2
14223 	 14228 	 5
14228 	 14229 	 1
14223 	 14224 	 1
14228 	 14241 	 13
14225 	 14242 	 17
14225 	 14225 	 0
14229 	 14229 	 0
14229 	 14229 	 0
14229 	 14230 	 1
14230 	 14232 	 2
14229 	 14229 	 0
14229 	 14230 	 1
14229 	 14229 	 0
14228 	 14235 	 7
14228 	 14230 	 2
14228 	 14228 	 0
14232 	 14232 	 0
14232 	 14232 	 0
14232 	 14232 	 0
14232 	 14232 	 0
14208 	 14229 	 21
14207 	 14207 	 0
14207 	 14222 	 15
14207 	 14211 	 4
14207 	 14208 	 1
14207 	 14207 	 0
14208 	 14209 	 1
14209 	 14209 	 0
14209 	 14209 	 0
14208 	 14208 	 0
14204 	 14204 	 0
14206 	 14206 	 0
14207 	 14232 	 25
14207 	 14207 	 0
14207 	 14207 	 0
14207 	 14207 	 0
14205 	 14208 	 3
14208 	 14208 	 0
14205 	 14206 	 1
14206 	 14206 	 0
14206 	 14206 	 0
14206 	 14206 	 0
14206 	 14206 	 0
14206 	 14206 	 0
14204 	 14209 	 5
14204 	 14229 	 25
14212 	 14214 	 2
14214 	 14221 	 7
14214 	 14214 	 0
14211 	 14214 	 3
14214 	 14214 	 0
14209 	 14209 	 0
14209 	 14212 	 3
14210 	 14210 	 0
14210 	 14210 	 0
14210 	 14214 	 4
14209 	 14211 	 2
14216 	 14229 	 13
14217 	 14217 	 0
14217 	 14223 	 6
14214 	 14230 	 16
14214 	 14217 	 3
14214 	 14225 	 11
14214 	 14218 	 4
14215 	 14215 	 0
14215 	 14215 	 0
14215 	 14223 	 8
14215 	 14223 	 8
14215 	 14216 	 1
14215 	 14216 	 1
14220 	 14229 	 9
14221 	 14221 	 0
14221 	 14229 	 8
14221 	 14222 	 1
14222 	 14222 	 0
14222 	 14228 	 6
14217 	 14217 	 0
14217 	 14233 	 16
14218 	 14223 	 5
14223 	 14232 	 9
14218 	 14218 	 0
14219 	 14223 	 4
14189 	 14189 	 0
14189 	 14189 	 0
14188 	 14188 	 0
14194 	 14194 	 0
14194 	 14235 	 41
14194 	 14194 	 0
14194 	 14195 	 1
14194 	 14194 	 0
14194 	 14194 	 0
14193 	 14194 	 1
14193 	 14196 	 3
14193 	 14230 	 37
14190 	 14243 	 53
14190 	 14223 	 33
14189 	 14217 	 28
14190 	 14207 	 17
14207 	 14208 	 1
14190 	 14217 	 27
14190 	 14200 	 10
14189 	 14196 	 7
14189 	 14216 	 27
14197 	 14207 	 10
14197 	 14197 	 0
14197 	 14242 	 45
14197 	 14228 	 31
14196 	 14196 	 0
14196 	 14196 	 0
14196 	 14202 	 6
14196 	 14202 	 6
14196 	 14202 	 6
14196 	 14202 	 6
14196 	 14196 	 0
14195 	 14202 	 7
14195 	 14201 	 6
14195 	 14195 	 0
14195 	 14196 	 1
14195 	 14195 	 0
14195 	 14220 	 25
14203 	 14218 	 15
14218 	 14222 	 4
14203 	 14203 	 0
14202 	 14224 	 22
14202 	 14202 	 0
14202 	 14209 	 7
14202 	 14202 	 0
14202 	 14211 	 9
14201 	 14204 	 3
14201 	 14208 	 7
14201 	 14201 	 0
14201 	 14201 	 0
14180 	 14237 	 57
14237 	 14240 	 3
14180 	 14180 	 0
14180 	 14194 	 14
14180 	 14222 	 42
14181 	 14181 	 0
14181 	 14218 	 37
14182 	 14189 	 7
14181 	 14182 	 1
14182 	 14200 	 18
14182 	 14187 	 5
14182 	 14182 	 0
14183 	 14201 	 18
14183 	 14210 	 27
14182 	 14184 	 2
14176 	 14219 	 43
14176 	 14180 	 4
14176 	 14214 	 38
14176 	 14176 	 0
14176 	 14176 	 0
14176 	 14176 	 0
14176 	 14176 	 0
14179 	 14179 	 0
14179 	 14179 	 0
14179 	 14188 	 9
14179 	 14179 	 0
14179 	 14180 	 1
14180 	 14224 	 44
14180 	 14232 	 52
14180 	 14217 	 37
14180 	 14180 	 0
14180 	 14196 	 16
14196 	 14207 	 11
14187 	 14190 	 3
14187 	 14229 	 42
14187 	 14221 	 34
14187 	 14201 	 14
14187 	 14219 	 32
14187 	 14197 	 10
14187 	 14213 	 26
14188 	 14188 	 0
14188 	 14218 	 30
14184 	 14221 	 37
14183 	 14230 	 47
14230 	 14236 	 6
14184 	 14184 	 0
14185 	 14187 	 2
14186 	 14187 	 1
14186 	 14197 	 11
14186 	 14186 	 0
14186 	 14224 	 38
14164 	 14164 	 0
14164 	 14164 	 0
14164 	 14164 	 0
14164 	 14164 	 0
14164 	 14228 	 64
14164 	 14164 	 0
14164 	 14164 	 0
14164 	 14164 	 0
14164 	 14168 	 4
14163 	 14182 	 19
14164 	 14164 	 0
14164 	 14164 	 0
14164 	 14164 	 0
14162 	 14162 	 0
14162 	 14167 	 5
14162 	 14164 	 2
14162 	 14221 	 59
14166 	 14197 	 31
14197 	 14208 	 11
14166 	 14169 	 3
14166 	 14166 	 0
14166 	 14179 	 13
14166 	 14207 	 41
14166 	 14223 	 57
14166 	 14167 	 1
14166 	 14166 	 0
14166 	 14175 	 9
14166 	 14166 	 0
14159 	 14166 	 7
14159 	 14159 	 0
14160 	 14222 	 62
14160 	 14193 	 33
14160 	 14160 	 0
14160 	 14160 	 0
14158 	 14158 	 0
14159 	 14175 	 16
14159 	 14159 	 0
14159 	 14213 	 54
14161 	 14196 	 35
14161 	 14161 	 0
14160 	 14187 	 27
14160 	 14215 	 55
14161 	 14161 	 0
14161 	 14174 	 13
14174 	 14180 	 6
14180 	 14190 	 10
14161 	 14161 	 0
14173 	 14232 	 59
14173 	 14173 	 0
14173 	 14179 	 6
14173 	 14173 	 0
14173 	 14196 	 23
14196 	 14201 	 5
14172 	 14212 	 40
14172 	 14172 	 0
14175 	 14229 	 54
14175 	 14222 	 47
14222 	 14229 	 7
14174 	 14174 	 0
14174 	 14174 	 0
14168 	 14168 	 0
14168 	 14172 	 4
14168 	 14215 	 47
14168 	 14169 	 1
14167 	 14186 	 19
14186 	 14229 	 43
14167 	 14168 	 1
14168 	 14187 	 19
14168 	 14168 	 0
14168 	 14182 	 14
14167 	 14167 	 0
14167 	 14217 	 50
14167 	 14167 	 0
14167 	 14169 	 2
14167 	 14181 	 14
14167 	 14194 	 27
14194 	 14215 	 21
14167 	 14175 	 8
14167 	 14167 	 0
14172 	 14227 	 55
14172 	 14172 	 0
14172 	 14172 	 0
14169 	 14187 	 18
14169 	 14180 	 11
14169 	 14169 	 0
14169 	 14211 	 42
14169 	 14187 	 18
14169 	 14169 	 0
14168 	 14169 	 1
14168 	 14168 	 0
14168 	 14168 	 0
14169 	 14181 	 12
14147 	 14175 	 28
14175 	 14229 	 54
14147 	 14194 	 47
14194 	 14207 	 13
14147 	 14148 	 1
14147 	 14231 	 84
14148 	 14153 	 5
14153 	 14236 	 83
14148 	 14148 	 0
14148 	 14153 	 5
14153 	 14156 	 3
14156 	 14158 	 2
14158 	 14165 	 7
14165 	 14165 	 0
14165 	 14165 	 0
14165 	 14165 	 0
14165 	 14165 	 0
14165 	 14166 	 1
14166 	 14166 	 0
14166 	 14167 	 1
14167 	 14167 	 0
14167 	 14168 	 1
14168 	 14169 	 1
14169 	 14169 	 0
14169 	 14172 	 3
14172 	 14172 	 0
14172 	 14173 	 1
14173 	 14175 	 2
14175 	 14184 	 9
14184 	 14188 	 4
14148 	 14186 	 38
14148 	 14217 	 69
14149 	 14149 	 0
14145 	 14152 	 7
14145 	 14147 	 2
14147 	 14170 	 23
14146 	 14195 	 49
14146 	 14153 	 7
14146 	 14147 	 1
14147 	 14147 	 0
14146 	 14172 	 26
14146 	 14162 	 16
14147 	 14188 	 41
14147 	 14229 	 82
14147 	 14155 	 8
14147 	 14153 	 6
14144 	 14146 	 2
14144 	 14144 	 0
14144 	 14144 	 0
14144 	 14188 	 44
14188 	 14231 	 43
14144 	 14144 	 0
14144 	 14144 	 0
14144 	 14180 	 36
14144 	 14144 	 0
14144 	 14144 	 0
14145 	 14154 	 9
14154 	 14158 	 4
14145 	 14153 	 8
14145 	 14145 	 0
14140 	 14184 	 44
14140 	 14190 	 50
14140 	 14169 	 29
14140 	 14140 	 0
14141 	 14175 	 34
14140 	 14140 	 0
14141 	 14145 	 4
14141 	 14189 	 48
14141 	 14224 	 83
14141 	 14174 	 33
14156 	 14215 	 59
14156 	 14181 	 25
14158 	 14165 	 7
14158 	 14159 	 1
14157 	 14157 	 0
14157 	 14164 	 7
14155 	 14159 	 4
14158 	 14191 	 33
14158 	 14186 	 28
14186 	 14187 	 1
14187 	 14187 	 0
14158 	 14196 	 38
14196 	 14202 	 6
14158 	 14158 	 0
14158 	 14158 	 0
14158 	 14158 	 0
14158 	 14158 	 0
14154 	 14209 	 55
14154 	 14154 	 0
14154 	 14181 	 27
14154 	 14209 	 55
14154 	 14201 	 47
14154 	 14201 	 47
14153 	 14166 	 13
14166 	 14188 	 22
14153 	 14161 	 8
14153 	 14160 	 7
14155 	 14158 	 3
14155 	 14162 	 7
14155 	 14155 	 0
14155 	 14155 	 0
14154 	 14159 	 5
14152 	 14172 	 20
14152 	 14204 	 52
14152 	 14152 	 0
14153 	 14193 	 40
14193 	 14215 	 22
14153 	 14159 	 6
14153 	 14153 	 0
14153 	 14153 	 0
14153 	 14154 	 1
14153 	 14180 	 27
14153 	 14158 	 5
14158 	 14181 	 23
14181 	 14183 	 2
14183 	 14188 	 5
14188 	 14188 	 0
14188 	 14188 	 0
14188 	 14190 	 2
14190 	 14190 	 0
14152 	 14176 	 24
14151 	 14151 	 0
14151 	 14151 	 0
14151 	 14151 	 0
14151 	 14195 	 44
14150 	 14163 	 13
14150 	 14167 	 17
14152 	 14207 	 55
14151 	 14225 	 74
14151 	 14152 	 1
14151 	 14215 	 64
14131 	 14140 	 9
14131 	 14188 	 57
14131 	 14197 	 66
14131 	 14238 	 107
14131 	 14165 	 34
14131 	 14131 	 0
14131 	 14131 	 0
14131 	 14131 	 0
14131 	 14131 	 0
14131 	 14132 	 1
14131 	 14132 	 1
14131 	 14158 	 27
14131 	 14131 	 0
14130 	 14130 	 0
14130 	 14138 	 8
14130 	 14160 	 30
14127 	 14151 	 24
14128 	 14132 	 4
14132 	 14135 	 3
14128 	 14132 	 4
14130 	 14161 	 31
14126 	 14137 	 11
14127 	 14138 	 11
14127 	 14132 	 5
14127 	 14186 	 59
14126 	 14187 	 61
14126 	 14127 	 1
14126 	 14137 	 11
14126 	 14200 	 74
14126 	 14196 	 70
14126 	 14229 	 103
14126 	 14229 	 103
14125 	 14216 	 91
14125 	 14138 	 13
14125 	 14130 	 5
14125 	 14207 	 82
14125 	 14166 	 41
14124 	 14124 	 0
14124 	 14148 	 24
14123 	 14162 	 39
14124 	 14148 	 24
14140 	 14140 	 0
14140 	 14140 	 0
14139 	 14231 	 92
14139 	 14197 	 58
14139 	 14139 	 0
14139 	 14160 	 21
14160 	 14188 	 28
14139 	 14153 	 14
14139 	 14180 	 41
14180 	 14223 	 43
14138 	 14180 	 42
14138 	 14160 	 22
14160 	 14211 	 51
14138 	 14138 	 0
14138 	 14139 	 1
14138 	 14138 	 0
14138 	 14138 	 0
14137 	 14181 	 44
14137 	 14202 	 65
14137 	 14167 	 30
14137 	 14176 	 39
14137 	 14186 	 49
14134 	 14241 	 107
14134 	 14182 	 48
14182 	 14226 	 44
14134 	 14138 	 4
14134 	 14224 	 90
14134 	 14161 	 27
14134 	 14147 	 13
14134 	 14174 	 40
14133 	 14133 	 0
14133 	 14195 	 62
14133 	 14235 	 102
14133 	 14232 	 99
14133 	 14147 	 14
14133 	 14156 	 23
14133 	 14148 	 15
14133 	 14229 	 96
14132 	 14134 	 2
14132 	 14140 	 8
14132 	 14132 	 0
14132 	 14136 	 4
14132 	 14162 	 30
14132 	 14132 	 0
14132 	 14147 	 15
14147 	 14147 	 0
14132 	 14211 	 79
14131 	 14180 	 49
